0
0
0
0
0
0
0
0
0
0
0
0
0
0
0
0
0
0
0
0
0
0
0
0
0
0
0
0
0
0
0
1
2
2
3
3
4
4
5
5
5
6
6
6
7
7
7
8
8
8
9
9
9
10
10
10
10
11
11
11
12
12
12
12
13
13
13
13
14
14
14
14
15
15
15
15
16
16
16
16
17
17
17
17
17
18
18
18
18
19
19
19
20
20
21
21
22
22
22
23
23
24
24
24
25
25
26
26
26
27
27
27
28
28
29
29
29
30
30
30
31
31
31
32
32
32
33
33
34
34
34
35
35
35
36
36
36
37
37
37
38
38
38
39
39
39
40
41
41
42
42
43
44
44
45
46
46
47
47
48
48
49
50
50
51
51
52
53
53
54
54
55
55
56
56
57
58
58
59
59
60
60
61
61
62
62
63
63
64
64
65
65
66
66
67
68
68
69
69
70
70
71
71
72
72
73
73
73
74
74
75
75
76
76
77
77
78
78
79
79
80
80
81
81
82
82
83
84
85
85
86
87
88
88
89
90
91
91
92
93
94
94
95
96
97
97
98
99
99
100
101
102
102
103
104
104
105
106
106
107
108
108
109
110
111
111
112
113
113
114
115
115
116
117
117
118
120
121
122
124
125
126
128
129
130
131
133
134
135
136
138
139
140
141
143
144
145
146
147
149
150
151
152
153
154
156
157
158
159
160
161
163
164
165
166
167
168
170
173
175
177
179
181
184
186
188
190
192
194
197
199
201
203
205
207
209
211
213
215
217
219
221
223
225
227
229
231
233
235
237
239
241
247
267
286
304
322
340
357
374
390
406
422
438
453
468
483
498
513
527
541
555
569
583
597
610
625
652
677
703
728
753
777
801
824
848
871
894
916
939
961
983
1005
1026
1047
1069
1090
1110
1131
1151
1172
1192
1212
1232
1252
1271
1291
1310
1329
1348
1367
1386
1405
1424
1442
1461
1479
1497
1515
1534
1552
1569
1587
1614
1649
1684
1718
1753
1787
1820
1854
1887
1920
1953
1985
2017
2050
2081
2113
2144
2176
2207
2237
2268
2299
2329
2359
2389
2419
2448
2478
2507
2536
2565
2594
2623
2652
2680
2709
2737
2765
2793
2821
2849
2876
2904
2931
2959
2986
3013
3040
3067
3094
3121
3147
3174
3200
3226
3253
3279
3305
3331
3357
3382
3408
3434
3459
3485
3510
3535
3561
3586
3611
3636
3661
3686
3710
3735
3760
3784
3809
3833
3858
3882
3906
3930
3955
3979
4003
4027
4050
4074
4095
