4
3
0
0
0
0
0
0
0
128
128
128
128
128
128
128
128
128
256
256
256
256
256
256
256
256
256
384
384
384
384
384
384
364
384
384
512
512
512
512
512
512
510
512
512
640
640
640
640
640
640
634
638
640
768
768
768
768
768
768
768
763
768
896
896
896
896
896
896
896
896
896
1023
1023
1023
1023
1023
1023
1023
1023
1023
0
0
0
0
0
53
12
0
0
128
141
128
128
128
128
133
128
128
256
256
256
252
256
256
256
256
256
384
386
397
384
384
384
380
384
384
512
512
512
512
512
512
511
510
512
640
640
640
640
701
642
640
640
640
768
768
768
768
768
768
768
768
768
896
896
896
896
896
896
896
896
896
1023
1023
1023
1023
1023
1023
1023
1023
1023
0
0
0
0
0
0
0
0
0
128
128
129
128
128
128
179
128
128
256
256
253
190
247
256
259
256
256
384
384
385
397
337
384
384
384
384
512
512
545
512
512
512
512
512
512
640
640
640
640
640
643
640
640
640
768
768
768
768
768
782
768
768
768
896
896
896
896
896
896
896
896
896
1023
1023
1023
1023
1023
1023
1023
1023
1023
0
0
0
0
0
0
0
0
0
128
128
128
130
128
128
128
128
128
256
256
256
261
256
256
260
256
256
384
384
384
403
384
384
386
384
384
512
512
512
512
512
512
540
512
512
640
640
640
640
640
640
640
640
640
768
768
768
768
768
768
768
768
768
896
896
896
896
896
896
896
896
896
1023
1023
1023
1023
1023
1023
1023
1023
1023
0
0
0
0
0
0
0
0
0
128
121
128
128
128
128
129
128
128
256
213
251
256
256
256
292
256
256
384
426
384
399
384
384
384
384
384
512
512
512
513
520
512
581
517
512
640
640
640
640
640
640
640
640
640
768
768
768
768
768
768
768
768
768
896
896
896
896
896
896
896
896
896
1023
1023
1023
1023
1023
1023
1023
1023
1023
0
0
0
0
0
0
0
0
0
128
128
128
128
128
128
128
128
128
256
256
240
256
256
256
260
256
256
384
439
365
372
399
384
384
384
384
512
517
576
563
585
512
512
512
512
640
640
640
749
640
658
640
640
640
768
768
768
826
768
768
768
768
768
896
896
896
896
896
896
896
896
896
1023
1023
1023
1023
1023
1023
1023
1023
1023
0
0
0
0
0
0
0
0
0
128
128
128
128
128
128
128
128
128
256
256
256
256
256
256
256
256
256
384
384
384
374
384
384
384
384
384
512
512
512
512
537
534
512
512
512
640
640
640
640
640
642
640
640
640
768
768
768
770
810
770
781
768
768
896
896
896
896
896
896
896
896
896
1023
1023
1023
1023
1023
1023
1023
1023
1023
0
0
0
0
0
0
0
0
0
128
128
128
128
128
128
128
128
128
256
256
256
256
256
256
256
256
256
384
384
384
384
384
384
384
384
384
512
512
512
512
512
512
512
512
512
640
640
640
640
640
640
640
640
640
768
768
768
768
768
768
768
768
768
896
896
896
896
896
896
896
889
896
1023
1023
1023
1023
1023
1023
1023
1023
1023
0
0
0
0
0
0
0
0
0
128
128
128
128
128
128
128
128
128
256
256
256
256
256
256
256
256
256
384
384
384
384
384
384
384
384
384
512
512
512
512
512
512
512
512
512
640
640
640
640
640
640
640
640
640
768
768
768
768
768
768
768
768
768
896
896
896
896
896
896
896
896
896
1023
1023
1023
1023
1023
1023
1023
1023
1023
