0,
1552,
2353,
3000,
3566,
4077,
4548,
4989,
5405,
5800,
6179,
6543,
6893,
7232,
7561,
7881,
8192,
8495,
8792,
9082,
9366,
9644,
9917,
10185,
10448,
10707,
10962,
11213,
11461,
11705,
11945,
12182,
12417,
12648,
12877,
13103,
13326,
13547,
13765,
13982,
14196,
14407,
14617,
14825,
15031,
15235,
15437,
15638,
15837,
16034,
16229,
16423,
16616,
16807,
16996,
17184,
17371,
17557,
17741,
17924,
18105,
18286,
18465,
18643,
18820,
18996,
19171,
19345,
19517,
19689,
19860,
20030,
20198,
20366,
20533,
20699,
20864,
21029,
21192,
21355,
21517,
21677,
21838,
21997,
22156,
22314,
22471,
22627,
22783,
22938,
23092,
23246,
23399,
23551,
23703,
23854,
24004,
24154,
24303,
24451,
24599,
24746,
24893,
25039,
25185,
25330,
25474,
25618,
25762,
25904,
26047,
26189,
26330,
26471,
26611,
26751,
26890,
27029,
27167,
27305,
27443,
27580,
27716,
27852,
27988,
28123,
28258,
28392,
28526,
28660,
28793,
28925,
29058,
29190,
29321,
29452,
29583,
29713,
29843,
29973,
30102,
30231,
30359,
30487,
30615,
30742,
30870,
30996,
31123,
31249,
31374,
31500,
31625,
31749,
31874,
31998,
32121,
32245,
32368,
32490,
32613,
32735,
32857,
32978,
33100,
33221,
33341,
33462,
33582,
33702,
33821,
33940,
34059,
34178,
34296,
34414,
34532,
34650,
34767,
34884,
35001,
35118,
35234,
35350,
35466,
35581,
35697,
35812,
35926,
36041,
36155,
36269,
36383,
36497,
36610,
36723,
36836,
36949,
37061,
37173,
37285,
37397,
37508,
37620,
37731,
37842,
37952,
38063,
38173,
38283,
38393,
38502,
38612,
38721,
38830,
38939,
39047,
39156,
39264,
39372,
39479,
39587,
39694,
39802,
39909,
40015,
40122,
40228,
40335,
40441,
40547,
40652,
40758,
40863,
40968,
41073,
41178,
41283,
41387,
41491,
41595,
41699,
41803,
41907,
42010,
42113,
42216,
42319,
42422,
42524,
42627,
42729,
42831,
42933,
43035,
43136,
43238,
43339,
43440,
43541,
43642,
43742,
43843,
43943,
44043,
44143,
44243,
44343,
44443,
44542,
44641,
44740,
44839,
44938,
45037,
45135,
45234,
45332,
45430,
45528,
45626,
45724,
45821,
45919,
46016,
46113,
46210,
46307,
46404,
46500,
46597,
46693,
46789,
46885,
46981,
47077,
47173,
47269,
47364,
47459,
47554,
47649,
47744,
47839,
47934,
48028,
48123,
48217,
48311,
48405,
48499,
48593,
48687,
48780,
48874,
48967,
49060,
49153,
49246,
49339,
49432,
49525,
49617,
49710,
49802,
49894,
49986,
50078,
50170,
50262,
50353,
50445,
50536,
50627,
50718,
50809,
50900,
50991,
51082,
51173,
51263,
51354,
51444,
51534,
51624,
51714,
51804,
51894,
51983,
52073,
52163,
52252,
52341,
52430,
52519,
52608,
52697,
52786,
52875,
52963,
53052,
53140,
53228,
53317,
53405,
53493,
53580,
53668,
53756,
53844,
53931,
54018,
54106,
54193,
54280,
54367,
54454,
54541,
54628,
54714,
54801,
54887,
54974,
55060,
55146,
55232,
55318,
55404,
55490,
55576,
55662,
55747,
55833,
55918,
56004,
56089,
56174,
56259,
56344,
56429,
56514,
56598,
56683,
56768,
56852,
56937,
57021,
57105,
57189,
57273,
57357,
57441,
57525,
57609,
57692,
57776,
57859,
57943,
58026,
58109,
58193,
58276,
58359,
58442,
58524,
58607,
58690,
58773,
58855,
58938,
59020,
59102,
59185,
59267,
59349,
59431,
59513,
59595,
59676,
59758,
59840,
59921,
60003,
60084,
60166,
60247,
60328,
60409,
60490,
60571,
60652,
60733,
60814,
60894,
60975,
61055,
61136,
61216,
61297,
61377,
61457,
61537,
61617,
61697,
61777,
61857,
61937,
62017,
62096,
62176,
62255,
62335,
62414,
62493,
62573,
62652,
62731,
62810,
62889,
62968,
63047,
63126,
63204,
63283,
63361,
63440,
63518,
63597,
63675,
63753,
63832,
63910,
63988,
64066,
64144,
64222,
64299,
64377,
64455,
64532,
64610,
64688,
64765,
64842,
64920,
64997,
65074,
65151,
65228,
65305,
65382,
65459,
65535,
