0
0
0
0
0
0
0
0
0
0
0
0
0
0
0
0
0
0
0
0
0
0
7
12
16
20
23
26
29
32
35
37
40
42
45
47
50
52
54
56
59
61
63
65
67
69
71
73
75
77
79
81
83
84
86
88
90
92
93
95
97
99
100
102
104
106
107
109
110
112
114
115
117
119
120
122
123
125
126
128
130
131
133
134
136
137
139
140
142
143
145
146
147
149
150
152
153
155
156
158
159
160
162
163
165
166
167
169
170
171
173
174
175
177
178
180
181
182
183
185
186
187
189
190
191
193
194
195
197
198
199
200
202
203
204
205
207
208
209
210
212
213
214
215
217
218
219
220
222
223
224
225
226
228
229
230
231
232
234
235
236
237
238
240
241
242
243
244
245
247
248
249
250
251
252
254
255
256
257
258
259
260
262
263
264
265
266
267
268
270
271
272
273
274
275
276
277
278
280
281
282
283
284
285
286
287
288
289
291
292
293
294
295
296
297
298
299
300
301
302
303
305
306
307
308
309
310
311
312
313
314
315
316
317
318
319
320
321
322
323
324
326
327
328
329
330
331
332
333
334
335
336
337
338
339
340
341
404
462
518
571
622
672
719
766
811
856
899
941
983
1024
1064
1104
1143
1181
1219
1257
1293
1330
1366
1402
1437
1472
1506
1541
1574
1608
1641
1674
1707
1739
1772
1804
1835
1867
1898
1929
1960
1991
2021
2051
2081
2111
2141
2170
2199
2229
2258
2286
2315
2344
2372
2400
2428
2456
2484
2512
2539
2567
2594
2621
2648
2675
2702
2729
2755
2782
2808
2834
2861
2887
2913
2938
2964
2990
3016
3041
3066
3092
3117
3142
3167
3192
3217
3242
3266
3291
3316
3340
3365
3389
3413
3437
3461
3485
3509
3533
3557
3581
3605
3628
3652
3675
3699
3722
3745
3769
3792
3815
3838
3861
3884
3907
3929
3952
3975
3998
4020
4043
4065
4088
4095
4095
4095
4095
4095
4095
4095
4095
4095
4095
4095
4095
4095
4095
4095
4095
4095
4095
4095
4095
4095
4095
4095
4095
4095
4095
4095
4095
4095
4095
4095
4095
4095
4095
4095
4095
4095
4095
4095
4095
4095
4095
4095
4095
4095
4095
4095
4095
4095
4095
4095
4095
4095
4095
4095
4095
4095
4095
4095
4095
4095
4095
4095
4095
4095
4095
4095
4095
4095
4095
4095
4095
4095
4095
4095
4095
4095
4095
4095
4095
4095
4095
4095
4095
4095
4095
4095
4095
4095
4095
4095
4095
4095
4095
4095
4095
4095
4095
4095
4095
4095
4095
4095
4095
4095
4095
4095
4095
4095
4095
4095
4095
4095
4095
4095
4095
4095
4095
4095
4095
4095
4095
4095
4095
4095
4095
4095
4095
4095
4095
4095
4095
