0
128
256
384
512
640
768
896
1023
0
128
256
384
512
640
768
896
1023
0
128
256
384
512
640
768
896
1023
0
128
256
384
512
640
770
896
1023
0
128
256
384
512
640
742
896
1023
0
128
256
384
512
640
736
886
1023
0
128
256
384
512
640
768
884
1023
0
128
256
384
512
640
768
896
1023
0
128
256
384
512
640
768
896
1023
0
128
256
384
512
640
768
896
1023
0
120
256
384
512
640
768
896
1023
0
128
249
384
512
640
768
896
1023
0
128
245
384
512
640
768
896
1023
0
128
256
384
512
640
768
896
1023
0
128
256
384
508
640
768
896
1023
0
128
256
384
512
640
768
896
1023
0
128
256
384
512
640
768
896
1023
0
128
256
384
512
640
768
896
1023
0
128
256
384
512
625
768
896
1023
0
126
256
384
512
631
751
896
1023
0
128
227
361
509
640
774
896
1023
0
128
199
356
509
640
768
896
1023
0
128
214
384
512
640
768
896
1023
0
128
256
384
503
637
768
896
1023
0
128
256
384
512
637
768
896
1023
0
128
256
384
512
640
768
896
1023
0
128
256
384
512
640
768
896
1023
0
128
256
384
512
640
768
896
1023
0
128
243
366
512
640
766
896
1023
0
128
256
335
512
640
777
898
1023
0
128
256
393
494
640
768
896
1023
0
128
146
373
512
640
768
896
1023
0
128
256
384
512
640
768
896
1023
0
128
256
384
512
640
768
896
1023
0
128
256
384
512
640
768
896
1023
0
128
256
384
512
640
768
896
1023
0
128
256
384
512
640
768
896
1023
0
124
256
384
512
639
767
896
1023
0
59
256
360
512
640
757
896
1023
0
128
261
401
512
640
768
896
1023
0
128
256
384
520
642
797
899
1023
0
128
256
384
512
640
768
896
1023
0
128
256
384
512
640
768
896
1023
0
128
256
384
512
640
768
896
1023
0
128
256
384
512
640
768
896
1023
0
128
256
384
512
640
768
896
1023
0
128
256
384
512
640
768
896
1023
0
125
167
384
512
640
766
896
1023
0
98
185
348
538
640
768
896
1023
0
123
246
420
555
640
768
898
1023
0
128
256
441
512
671
768
897
1023
0
128
256
384
512
640
773
896
1023
0
128
256
384
512
640
768
896
1023
0
128
256
384
512
640
768
896
1023
0
128
256
384
512
640
768
896
1023
0
128
256
384
512
640
768
896
1023
0
128
256
384
512
640
768
896
1023
0
128
256
324
512
640
768
896
1023
0
128
241
384
533
651
768
896
1023
0
128
256
389
512
640
768
896
1023
0
128
256
423
538
640
783
896
1023
0
128
256
384
512
640
768
896
1023
0
128
256
384
512
640
768
896
1023
0
128
256
384
512
640
768
896
1023
0
128
256
384
512
640
768
896
1023
0
128
256
384
512
640
768
896
1023
0
128
256
384
512
640
768
896
1023
0
128
256
384
512
640
768
896
1023
0
128
256
384
512
640
768
896
1023
0
128
256
384
512
640
767
896
1023
0
128
256
384
512
640
768
884
1023
0
128
256
384
512
640
768
896
1023
0
128
256
384
512
640
768
896
1023
0
128
256
384
512
640
768
896
1023
0
128
256
384
512
640
768
896
1023
0
128
256
384
512
640
768
896
1023
0
128
256
384
512
640
768
896
1023
0
128
256
384
512
640
768
896
1023
0
128
256
384
512
640
768
896
1023
0
128
256
384
512
640
768
896
1023
0
128
256
384
512
640
768
896
1023
