0
9
2
11
4
13
6
15
9
18
11
20
13
22
15
24
18
27
20
29
22
30
24
32
26
34
28
35
30
37
32
39
33
40
35
41
37
43
38
44
40
46
41
47
43
48
44
50
45
50
47
52
48
53
49
54
50
55
52
57
53
57
54
59
55
59
56
61
57
61
58
62
59
64
61
65
62
66
63
67
64
68
65
69
66
70
67
71
68
71
68
72
69
73
70
73
71
75
72
76
73
76
74
78
75
78
76
80
77
80
77
80
78
82
79
82
80
83
81
84
81
85
82
85
83
86
84
87
85
88
85
88
86
89
87
90
88
91
88
91
89
92
90
93
91
94
91
94
92
95
93
96
94
96
94
97
95
98
96
99
96
98
97
100
98
101
98
101
99
101
100
103
100
103
101
103
102
105
102
104
103
106
104
106
104
107
105
107
105
108
106
108
107
110
107
109
108
111
109
111
109
112
110
112
110
113
111
113
112
114
112
115
113
115
113
115
114
117
115
117
115
117
116
119
116
118
117
119
117
119
118
121
119
121
119
121
120
122
120
122
121
124
121
123
122
124
122
124
123
125
123
125
124
127
125
127
125
127
126
128
126
128
127
129
127
129
128
130
128
130
129
131
129
131
130
132
130
132
131
134
131
133
132
134
132
134
133
135
133
135
134
135
134
136
135
137
135
137
136
138
136
138
137
139
137
139
138
140
138
140
139
141
139
141
140
142
140
142
141
142
141
143
141
143
142
144
142
144
143
145
143
145
144
145
144
146
145
147
145
147
146
148
146
147
146
148
147
149
147
149
148
150
148
149
149
151
149
151
150
152
150
151
150
152
151
153
151
153
152
153
152
154
153
155
153
155
154
155
154
156
154
156
155
156
155
157
156
158
156
157
156
158
157
159
157
159
158
159
158
160
159
160
159
161
159
161
160
161
160
162
161
163
161
162
161
163
162
164
162
163
163
165
163
164
163
165
164
166
164
165
165
167
165
166
165
167
166
168
166
167
167
169
167
168
167
169
168
169
168
170
169
171
169
170
169
171
170
171
170
172
171
172
171
173
171
172
172
174
172
173
172
174
173
174
173
175
174
175
174
176
174
175
175
177
175
176
175
177
176
177
176
178
177
178
177
179
177
178
178
180
178
179
178
180
179
180
179
181
180
181
180
181
180
182
181
182
181
183
181
182
182
184
182
183
182
184
183
184
183
184
183
185
184
185
184
186
185
186
185
186
185
187
186
187
186
188
186
187
187
188
187
189
187
188
188
190
188
189
188
189
189
191
189
190
189
190
190
192
190
191
190
192
191
192
191
192
191
193
192
193
192
193
192
194
193
194
193
194
193
195
194
195
194
195
194
196
195
196
195
196
195
197
196
197
196
197
196
198
197
198
197
198
197
199
198
199
198
199
198
200
199
200
199
200
199
200
200
202
200
201
200
201
201
203
201
202
201
202
202
203
202
204
202
203
203
204
203
205
203
204
204
205
204
205
204
206
205
206
205
206
205
206
205
207
206
207
206
207
206
207
207
209
207
208
207
208
208
209
208
210
208
209
209
210
209
210
209
211
210
211
210
211
210
211
210
212
211
212
211
212
211
212
212
213
212
214
212
213
213
214
213
214
213
214
213
215
214
215
214
215
214
215
215
216
215
217
215
216
216
217
216
217
216
217
216
218
217
218
217
218
217
218
218
219
218
220
218
219
219
220
219
220
219
220
219
220
220
222
220
221
220
221
221
222
221
222
221
222
221
223
222
223
222
223
222
223
223
224
223
224
223
224
223
225
224
225
224
225
224
225
225
226
225
226
225
226
225
227
226
227
226
227
226
227
227
228
227
228
227
228
227
228
228
230
228
229
228
229
229
230
229
230
229
230
229
230
230
231
230
232
230
231
231
232
231
232
231
232
231
232
232
233
232
233
232
233
232
233
233
235
233
234
233
234
234
235
234
235
234
235
234
235
235
236
235
236
235
236
235
236
236
237
236
238
236
237
237
238
237
238
237
238
237
238
238
239
238
239
238
239
238
239
239
240
239
240
239
240
239
240
240
242
240
241
240
241
241
242
241
242
241
242
241
242
242
243
242
243
242
243
242
243
243
244
243
244
243
244
243
244
244
245
244
245
244
245
244
245
245
246
245
247
245
246
246
247
246
247
246
247
246
247
247
248
247
248
247
248
247
248
248
249
248
249
248
249
248
249
249
250
249
250
249
250
249
250
250
251
250
251
250
251
250
251
251
252
251
252
251
252
251
252
252
253
252
253
252
253
252
253
253
254
253
254
253
254
253
254
254
255
254
255
254
255
254
255
255
255
255
255
255
255
255
255
