0
0
0
0
1
8
12
16
18
21
23
26
28
30
32
34
36
37
39
41
42
44
45
47
48
50
51
52
54
55
56
58
59
60
62
63
64
65
66
67
69
70
71
72
73
74
75
76
77
78
79
81
82
83
84
85
86
87
88
88
89
90
91
92
93
97
100
104
107
111
114
117
120
124
127
130
133
136
138
141
144
147
150
152
155
158
160
163
165
168
170
173
175
178
180
183
185
187
190
192
194
197
199
201
203
206
208
210
212
214
216
218
221
223
225
227
229
231
233
235
237
239
241
243
245
247
249
251
253
255
256
258
260
262
264
266
268
270
271
273
275
277
279
280
282
284
286
288
289
291
293
295
296
298
300
301
303
305
307
308
310
312
313
315
317
318
320
321
323
325
326
328
330
331
333
334
336
342
348
354
360
366
372
378
384
390
395
401
407
412
418
423
429
434
439
445
450
455
460
465
470
475
480
485
490
495
500
505
510
515
519
524
529
534
538
543
547
552
557
561
566
570
574
579
583
588
592
596
601
605
609
614
618
622
626
630
635
639
643
647
651
655
659
663
667
671
675
679
683
687
691
695
699
703
707
710
714
718
722
726
730
733
737
741
745
748
752
756
759
763
767
770
774
797
825
853
880
906
932
958
983
1008
1032
1056
1079
1103
1125
1148
1170
1192
1214
1236
1257
1278
1299
1319
1340
1360
1380
1399
1419
1438
1458
1477
1496
1514
1533
1551
1570
1588
1606
1624
1641
1659
1676
1694
1711
1728
1745
1762
1779
1796
1812
1829
1845
1862
1878
1894
1910
1926
1942
1957
1973
1989
2004
2020
2035
2050
2066
2081
2096
2111
2126
2140
2155
2170
2185
2199
2214
2228
2243
2257
2271
2285
2300
2314
2328
2342
2356
2369
2383
2397
2411
2424
2438
2452
2465
2479
2492
2505
2519
2532
2545
2558
2571
2584
2598
2611
2623
2636
2649
2662
2675
2688
2700
2713
2726
2738
2751
2763
2776
2788
2801
2813
2825
2838
2850
2862
2874
2886
2899
2911
2923
2935
2947
2959
2971
2982
2994
3006
3018
3030
3041
3053
3065
3076
3088
3100
3111
3123
3134
3146
3157
3169
3180
3191
3203
3214
3225
3237
3248
3259
3270
3281
3292
3304
3315
3326
3337
3348
3359
3370
3381
3392
3402
3413
3424
3435
3446
3457
3467
3478
3489
3499
3510
3521
3531
3542
3552
3563
3574
3584
3595
3605
3616
3626
3636
3647
3657
3668
3678
3688
3698
3709
3719
3729
3739
3750
3760
3770
3780
3790
3800
3810
3821
3831
3841
3851
3861
3871
3881
3891
3901
3910
3920
3930
3940
3950
3960
3970
3979
3989
3999
4009
4019
4028
4038
4048
4057
4067
4077
4086
4095
