0
0
0
0
1
8
12
16
20
23
26
29
32
35
37
40
43
45
47
50
52
54
57
59
61
63
65
67
69
71
73
75
77
79
81
83
85
86
88
90
92
94
95
97
99
101
102
104
106
107
109
111
112
114
115
117
119
120
122
123
125
127
128
130
131
137
143
149
155
160
166
171
177
182
188
193
198
203
208
213
218
223
228
233
237
242
247
251
256
261
265
270
274
279
283
287
292
296
300
305
309
313
317
321
326
330
334
338
342
346
350
354
358
362
366
370
374
378
382
386
389
393
397
401
405
408
412
416
420
423
427
431
434
438
442
445
449
452
456
460
463
467
470
474
477
481
484
488
491
495
498
502
505
509
512
515
519
522
526
529
532
536
539
542
546
549
552
556
559
562
565
569
572
575
578
582
585
598
610
623
636
648
660
672
685
697
709
720
732
744
755
767
778
790
801
812
823
835
846
857
867
878
889
900
911
921
932
942
953
963
974
984
994
1005
1015
1025
1035
1045
1055
1065
1075
1085
1095
1105
1115
1124
1134
1144
1153
1163
1173
1182
1192
1201
1211
1220
1229
1239
1248
1257
1267
1276
1285
1294
1304
1313
1322
1331
1340
1349
1358
1367
1376
1385
1394
1403
1411
1420
1429
1438
1447
1455
1464
1473
1481
1490
1499
1507
1516
1524
1533
1541
1550
1617
1683
1748
1812
1875
1938
1999
2059
2119
2178
2237
2294
2351
2408
2464
2519
2574
2628
2682
2736
2789
2841
2894
2945
2997
3048
3098
3149
3199
3248
3298
3347
3395
3444
3492
3540
3587
3634
3681
3728
3775
3821
3867
3913
3958
4003
4049
4093
4095
4095
4095
4095
4095
4095
4095
4095
4095
4095
4095
4095
4095
4095
4095
4095
4095
4095
4095
4095
4095
4095
4095
4095
4095
4095
4095
4095
4095
4095
4095
4095
4095
4095
4095
4095
4095
4095
4095
4095
4095
4095
4095
4095
4095
4095
4095
4095
4095
4095
4095
4095
4095
4095
4095
4095
4095
4095
4095
4095
4095
4095
4095
4095
4095
4095
4095
4095
4095
4095
4095
4095
4095
4095
4095
4095
4095
4095
4095
4095
4095
4095
4095
4095
4095
4095
4095
4095
4095
4095
4095
4095
4095
4095
4095
4095
4095
4095
4095
4095
4095
4095
4095
4095
4095
4095
4095
4095
4095
4095
4095
4095
4095
4095
4095
4095
4095
4095
4095
4095
4095
4095
4095
4095
4095
4095
4095
4095
4095
4095
4095
4095
4095
4095
4095
4095
4095
4095
4095
4095
4095
4095
4095
4095
4095
4095
4095
4095
4095
4095
4095
4095
4095
4095
4095
4095
4095
4095
4095
4095
4095
4095
4095
4095
4095
4095
4095
4095
4095
4095
4095
4095
4095
4095
4095
4095
4095
4095
4095
4095
4095
4095
4095
4095
4095
4095
4095
4095
4095
4095
4095
4095
