0.000000, 0.000000, 200.000000, 0.000000, 0.000000, 0.000000, 0.000000, 0.000000, 0.000000
0.000000, 0.000000, 400.000000, 0.000000, 0.000000, 0.000000, 0.000000, 0.000000, 0.000000
0.000000, -260.000000, 240.000000, 0.000000, 0.000000, 0.000000, -0.000000, 0.000000, 0.000000
0.000000, -260.000000, 160.000000, -5.000000, 0.000000, 0.000000, 0.000000, 0.000000, 0.500000
0.000000, -260.000000, 160.000000, -5.000000, 0.000000, 0.000000, 0.000000, 0.000000, 1.500000
0.000000, -260.000000, 140.000000, -5.000000, 0.000000, 0.000000, 0.000000, 0.000000, 2.500000
0.000000, -280.000000, 160.000000, -10.000000, 0.000000, 0.000000, 0.000000, 0.00000, 3.140000
0.000000, -280.000000, 160.000000, -10.000000, 0.000000, 0.000000, 0.000000, 0.000000, 4.000000
0.000000, -280.000000, 160.000000, -10.000000, 0.000000, 0.000000, 0.000000, 0.000000, 5.000000
0.000000, -280.000000, 160.000000, -10.000000, 0.000000, 0.000000, 0.000000, 0.000000, 5.500000

0, 1, 30, -300, 300, -300, 300
1, 2, 30, -300, 300, -300, 300
2, 3, 30, -300, 300, -300, 300
3, 4, 30, -300, 300, -300, 300
4, 5, 30, -300, 300, -300, 300
5, 6, 30, -300, 300, -300, 300
6, 8, 30, -300, 300, -300, 300
8, 9, 30, -300, 300, -300, 300