3
2
0
0
0
0
0
0
0
128
128
128
128
128
128
128
128
128
256
256
256
256
256
256
256
256
256
384
384
384
384
384
384
356
375
384
512
512
512
512
512
512
474
512
512
640
640
640
640
640
640
620
636
640
768
768
768
768
768
768
768
773
768
896
896
896
896
896
896
896
896
896
1023
1023
1023
1023
1023
1023
1023
1023
1023
0
0
0
0
0
98
0
0
0
128
141
128
128
128
128
128
128
128
256
256
256
256
256
256
256
256
256
384
387
384
384
384
384
384
370
384
512
513
512
512
512
512
512
502
512
640
640
640
640
655
640
640
640
640
768
768
768
768
768
768
768
768
768
896
896
896
896
896
896
896
896
896
1023
1023
1023
1023
1023
1023
1023
1023
1023
0
0
0
0
0
0
0
0
0
128
128
128
128
128
130
145
128
128
256
256
263
201
222
256
256
256
256
384
384
384
371
308
384
384
384
384
512
520
538
442
512
512
512
512
512
640
640
640
640
647
640
640
640
640
768
768
768
768
770
785
768
768
768
896
896
896
896
896
896
896
896
896
1023
1023
1023
1023
1023
1023
1023
1023
1023
0
0
0
0
0
0
0
0
0
128
128
128
128
128
128
128
128
128
256
256
246
171
256
256
224
223
256
384
384
384
391
252
384
384
349
384
512
512
512
378
450
512
512
512
512
640
640
640
640
640
640
640
640
640
768
768
768
768
768
768
768
768
768
896
896
896
896
896
896
896
896
896
1023
1023
1023
1023
1023
1023
1023
1023
1023
0
0
0
0
0
0
0
0
0
128
117
128
128
128
128
128
128
128
256
220
232
213
256
270
274
256
256
384
403
384
350
384
384
384
381
384
512
512
512
512
520
512
511
497
512
640
640
640
640
640
640
640
640
640
768
768
768
768
768
768
768
768
768
896
896
896
896
896
896
896
896
896
1023
1023
1023
1023
1023
1023
1023
1023
1023
0
0
0
0
0
0
0
0
0
128
128
128
128
128
128
128
128
128
256
256
255
256
256
256
256
256
256
384
418
379
336
384
384
387
384
384
512
512
584
497
505
512
512
511
512
640
640
640
640
640
659
640
604
640
768
768
768
768
768
768
768
768
768
896
896
896
896
896
896
896
896
896
1023
1023
1023
1023
1023
1023
1023
1023
1023
0
0
0
0
0
0
0
0
0
128
128
128
128
128
128
128
128
128
256
256
256
256
256
256
256
256
256
384
384
384
300
384
384
384
384
384
512
512
512
453
458
499
512
512
512
640
640
640
640
559
582
640
640
640
768
768
768
765
759
769
782
768
768
896
896
896
896
894
896
896
896
896
1023
1023
1023
1023
1023
1023
1023
1023
1023
0
0
0
0
0
0
0
0
0
128
128
128
128
128
128
128
128
128
256
256
256
256
256
256
256
256
256
384
384
384
384
384
384
384
384
384
512
512
512
512
512
512
512
512
512
640
640
640
640
640
605
640
640
640
768
768
768
768
768
768
768
768
768
896
896
896
896
895
896
896
888
896
1023
1023
1023
1023
1023
1023
1023
1023
1023
0
0
0
0
0
0
0
0
0
128
128
128
128
128
128
128
128
128
256
256
256
256
256
256
256
256
256
384
384
384
384
384
384
384
384
384
512
512
512
512
512
512
512
512
512
640
640
640
640
640
640
640
640
640
768
768
768
768
768
768
768
768
768
896
896
896
896
896
896
896
896
896
1023
1023
1023
1023
1023
1023
1023
1023
1023
