0
123
256
384
512
640
768
896
1023
0
128
256
384
512
640
768
896
1023
0
128
256
384
512
640
768
896
1023
0
128
256
384
512
640
716
880
1023
0
128
256
384
512
640
769
896
1023
0
128
256
384
512
640
728
893
1023
0
128
256
384
512
640
768
861
1023
0
128
256
384
512
640
768
896
1023
0
128
256
384
512
640
768
896
1023
0
128
256
384
512
668
768
896
1023
0
100
256
384
512
640
768
896
1023
0
128
256
384
512
640
768
896
1023
0
123
256
384
512
640
768
870
1023
0
125
256
384
512
640
768
878
1023
0
128
256
384
492
640
768
896
1023
0
128
256
384
512
640
768
896
1023
0
128
256
384
512
640
768
896
1023
0
128
256
384
512
640
768
896
1023
0
128
256
384
512
640
768
896
1023
0
128
256
384
512
641
773
896
1023
0
128
256
353
493
640
768
896
1023
0
128
256
368
468
640
768
896
1023
0
112
206
302
512
640
768
896
1023
0
128
256
384
503
640
768
896
1023
0
128
256
384
509
617
768
896
1023
0
128
256
384
512
640
768
896
1023
0
128
256
384
512
640
768
896
1023
0
128
256
384
512
640
768
896
1023
0
128
256
384
512
640
768
896
1023
0
128
249
327
512
640
709
835
1023
0
128
256
377
434
640
768
832
1023
0
128
256
226
439
640
768
896
1023
0
128
256
384
512
640
768
896
1023
0
128
256
384
512
640
768
896
1023
0
128
256
384
512
640
768
896
1023
0
128
256
384
512
640
768
896
1023
0
128
256
384
512
640
768
896
1023
0
101
256
384
512
640
768
896
1023
0
39
196
355
512
668
805
896
1023
0
113
256
361
512
640
768
891
1023
0
128
256
384
518
640
766
860
1023
0
128
256
384
512
640
768
896
1023
0
128
256
384
512
640
768
896
1023
0
128
256
384
512
640
768
896
1023
0
128
256
384
512
640
768
896
1023
0
128
256
384
512
640
768
896
1023
0
128
256
384
512
640
768
896
1023
0
128
253
384
512
640
768
896
1023
0
101
179
301
512
640
775
896
1023
0
128
197
362
502
640
768
893
1023
0
128
256
384
512
661
768
808
1023
0
128
256
384
512
640
768
896
1023
0
128
256
384
512
640
768
896
1023
0
128
256
384
512
640
768
896
1023
0
128
256
384
512
640
768
896
1023
0
128
256
384
512
640
768
896
1023
0
128
256
384
512
640
768
896
1023
0
128
256
241
512
640
768
896
1023
0
128
256
282
442
627
768
896
1023
0
128
256
384
393
580
768
896
1023
0
128
256
373
475
641
783
895
1023
0
128
256
384
503
640
768
896
1023
0
128
256
384
512
640
768
896
1023
0
128
256
384
512
640
768
896
1023
0
128
256
384
512
640
768
896
1023
0
128
256
384
512
640
768
896
1023
0
128
256
384
512
640
768
896
1023
0
128
256
384
512
640
768
896
1023
0
128
256
384
512
603
768
896
1023
0
128
256
384
512
640
768
896
1023
0
128
256
384
508
640
768
883
1023
0
128
256
384
512
640
768
896
1023
0
128
256
384
512
640
768
896
1023
0
128
256
384
512
640
768
896
1023
0
128
256
384
512
640
768
896
1023
0
128
256
384
512
640
768
896
1023
0
128
256
384
512
640
768
896
1023
0
128
256
384
512
640
768
896
1023
0
128
256
384
512
640
768
896
1023
0
128
256
384
512
640
768
896
1023
0
128
256
384
512
640
768
896
1023
