0
123
256
384
512
642
768
896
1023
0
128
256
384
512
640
768
896
1023
0
128
256
384
512
640
768
896
1023
0
128
256
384
512
640
708
869
1023
0
128
256
384
512
640
781
896
1023
0
128
256
384
512
640
732
893
1023
0
128
256
384
512
640
768
849
1023
0
128
256
384
512
640
768
896
1023
0
128
256
384
512
640
768
896
1023
0
128
256
384
512
673
768
896
1023
0
100
256
384
512
641
773
896
1023
0
128
256
384
512
640
768
896
1023
0
125
256
384
512
640
768
851
1023
0
111
256
384
512
640
768
867
1023
0
128
256
384
490
640
768
896
1023
0
128
256
384
512
640
768
896
1023
0
128
256
384
512
640
768
896
1023
0
128
256
384
512
640
768
896
1023
0
128
256
384
512
640
768
896
1023
0
128
256
384
512
640
768
896
1023
0
128
256
380
494
640
768
896
1023
0
128
256
384
474
640
768
896
1023
0
124
206
353
512
640
768
896
1023
0
128
256
384
507
640
768
896
1023
0
128
256
384
510
618
768
896
1023
0
128
256
384
512
640
768
896
1023
0
128
256
384
512
640
768
896
1023
0
128
256
384
512
640
768
896
1023
0
128
256
384
512
640
768
896
1023
0
128
252
326
512
640
710
839
1023
0
128
256
373
411
640
768
835
1023
0
128
256
200
390
640
768
896
1023
0
128
256
384
477
640
768
896
1023
0
128
256
384
512
640
768
896
1023
0
128
256
384
512
640
768
896
1023
0
128
256
384
512
640
768
896
1023
0
128
256
384
512
640
768
896
1023
0
86
256
384
512
640
768
896
1023
0
36
196
350
512
675
809
896
1023
0
105
256
350
512
640
768
895
1023
0
128
256
384
514
640
768
861
1023
0
128
256
384
512
640
768
887
1023
0
128
256
384
512
640
768
896
1023
0
128
256
384
512
640
768
896
1023
0
128
256
384
512
640
768
896
1023
0
128
256
384
512
640
768
896
1023
0
128
256
384
512
640
768
896
1023
0
128
243
384
512
640
770
896
1023
0
102
207
309
512
640
770
896
1023
0
128
201
384
506
640
768
896
1023
0
128
256
384
512
670
768
783
1006
0
128
256
384
512
640
768
896
1023
0
128
256
384
512
640
768
896
1023
0
128
256
384
512
640
768
896
1023
0
128
256
384
512
640
768
896
1023
0
128
256
384
512
640
768
896
1023
0
128
256
384
512
640
768
896
1023
0
128
256
238
512
640
768
896
1023
0
128
256
258
446
615
768
896
1023
0
128
256
384
364
558
768
896
1023
0
128
256
383
454
642
794
895
1023
0
128
256
384
496
640
768
895
1023
0
128
256
384
512
640
768
896
1023
0
128
256
384
512
640
768
896
1023
0
128
256
384
512
640
768
896
1023
0
128
256
384
512
640
768
896
1023
0
128
256
384
512
640
768
896
1023
0
128
256
384
512
640
768
896
1023
0
128
256
384
512
576
768
896
1023
0
128
256
384
512
640
768
896
1023
0
128
256
384
508
640
768
879
1023
0
128
256
384
512
640
768
896
1023
0
128
256
384
512
640
768
896
1023
0
128
256
384
512
640
768
896
1023
0
128
256
384
512
640
768
896
1023
0
128
256
384
512
640
768
896
1023
0
128
256
384
512
640
768
896
1023
0
128
256
384
512
640
768
896
1023
0
128
256
384
512
640
768
896
1023
0
128
256
384
512
640
768
896
1023
0
128
256
384
512
640
768
896
1023
