0
9
24
42
64
88
114
142
172
204
237
272
307
345
383
423
464
506
549
593
638
684
731
779
828
877
928
979
1031
1084
1138
1193
1248
1304
1361
1419
1477
1536
1596
1656
1717
1779
1841
1904
1967
2032
2096
2162
2228
2294
2361
2429
2498
2566
2636
2706
2777
2848
2919
2991
3064
3137
3211
3285
3360
3435
3511
3587
3664
3741
3819
3897
3976
4055
4134
4215
4295
4376
4457
4539
4622
4704
4787
4871
4955
5040
5125
5210
5296
5382
5468
5555
5643
5731
5819
5908
5997
6086
6176
6266
6357
6448
6539
6631
6723
6816
6908
7002
7095
7189
7284
7379
7474
7569
7665
7761
7858
7955
8052
8150
8248
8346
8445
8544
8644
8743
8843
8944
9045
9146
9247
9349
9451
9553
9656
9759
9863
9967
10071
10175
10280
10385
10490
10596
10702
10808
10915
11022
11129
11237
11345
11453
11561
11670
11779
11889
11998
12108
12219
12329
12440
12552
12663
12775
12887
12999
13112
13225
13338
13452
13566
13680
13794
13909
14024
14139
14255
14371
14487
14603
14720
14837
14954
15072
15189
15308
15426
15544
15663
15783
15902
16022
16142
16262
16382
16503
16624
16745
16867
16989
17111
17233
17356
17479
17602
17725
17849
17973
18097
18221
18346
18471
18596
18722
18847
18973
19099
19226
19353
19480
19607
19734
19862
19990
20118
20246
20375
20504
20633
20763
20892
21022
21152
21283
21413
21544
21675
21806
21938
22070
22202
22334
22467
22599
22732
22866
22999
23133
23267
23401
23535
23670
23805
23940
24075
24210
24346
24482
24618
24755
24891
25028
25165
25303
25440
25578
25716
25854
25993
26131
26270
26409
26549
26688
26828
26968
27108
27249
27389
27530
27671
27812
27954
28096
28238
28380
28522
28665
28807
28950
29094
29237
29381
29525
29669
29813
29957
30102
30247
30392
30537
30683
30829
30975
31121
31267
31414
31560
31707
31855
32002
32149
32297
32445
32593
32742
32890
33039
33188
33337
33487
33636
33786
33936
34086
34237
34387
34538
34689
34840
34992
35143
35295
35447
35599
35752
35904
36057
36210
36363
36516
36670
36823
36977
37132
37286
37440
37595
37750
37905
38060
38216
38371
38527
38683
38839
38996
39152
39309
39466
39623
39780
39938
40096
40254
40412
40570
40728
40887
41046
41205
41364
41523
41683
41843
42003
42163
42323
42483
42644
42805
42966
43127
43288
43450
43612
43774
43936
44098
44260
44423
44586
44749
44912
45075
45239
45403
45566
45731
45895
46059
46224
46389
46553
46719
46884
47049
47215
47381
47547
47713
47879
48046
48212
48379
48546
48714
48881
49048
49216
49384
49552
49720
49889
50057
50226
50395
50564
50733
50903
51072
51242
51412
51582
51752
51923
52093
52264
52435
52606
52777
52949
53121
53292
53464
53636
53809
53981
54154
54326
54499
54672
54846
55019
55193
55366
55540
55714
55889
56063
56238
56412
56587
56762
56938
57113
57289
57464
57640
57816
57992
58169
58345
58522
58699
58876
59053
59230
59408
59585
59763
59941
60119
60297
60476
60654
60833
61012
61191
61370
61550
61729
61909
62089
62269
62449
62629
62810
62990
63171
63352
63533
63714
63896
64077
64259
64441
64623
64805
64987
65170
65352
65535
