0
0
0
0
0
0
0
0
0
0
0
0
0
0
0
0
0
0
0
0
0
0
7
12
16
20
23
26
29
32
35
37
40
42
45
47
50
52
54
56
59
61
63
65
67
69
71
73
75
77
79
81
83
84
86
88
90
92
93
95
97
99
100
102
104
107
109
112
114
117
119
122
124
127
129
132
134
137
139
141
144
146
148
151
153
155
157
160
162
164
166
168
170
173
175
177
179
181
183
185
187
189
192
194
196
199
203
207
211
215
219
223
226
230
234
238
241
245
249
252
256
260
263
267
270
274
277
281
284
288
291
295
298
301
305
308
311
315
318
321
325
328
331
334
338
341
347
353
360
366
372
378
384
390
396
402
408
414
420
426
432
438
443
449
455
460
466
472
477
483
488
494
499
504
510
515
521
526
531
536
542
547
552
557
563
568
575
585
595
605
615
625
635
644
654
664
673
683
692
702
711
720
729
739
748
757
766
775
784
793
802
810
819
828
837
845
854
863
871
880
888
897
905
913
922
930
938
952
968
984
1001
1017
1033
1049
1064
1080
1096
1111
1126
1142
1157
1172
1187
1202
1217
1232
1246
1261
1276
1290
1305
1319
1333
1347
1362
1376
1390
1404
1418
1432
1445
1459
1473
1486
1500
1514
1527
1541
1567
1594
1620
1646
1672
1698
1724
1749
1774
1800
1825
1850
1874
1899
1923
1948
1972
1996
2020
2044
2067
2091
2114
2138
2161
2184
2207
2230
2253
2276
2298
2321
2343
2366
2388
2410
2432
2454
2476
2498
2528
2571
2614
2656
2698
2740
2782
2823
2865
2905
2946
2986
3027
3067
3106
3146
3185
3224
3263
3302
3340
3378
3416
3454
3492
3530
3567
3604
3641
3678
3715
3752
3788
3824
3861
3897
3932
3968
4004
4039
4074
4095
4095
4095
4095
4095
4095
4095
4095
4095
4095
4095
4095
4095
4095
4095
4095
4095
4095
4095
4095
4095
4095
4095
4095
4095
4095
4095
4095
4095
4095
4095
4095
4095
4095
4095
4095
4095
4095
4095
4095
4095
4095
4095
4095
4095
4095
4095
4095
4095
4095
4095
4095
4095
4095
4095
4095
4095
4095
4095
4095
4095
4095
4095
4095
4095
4095
4095
4095
4095
4095
4095
4095
4095
4095
4095
4095
4095
4095
4095
4095
4095
4095
4095
4095
4095
4095
4095
4095
4095
4095
4095
4095
4095
4095
4095
4095
4095
4095
4095
4095
4095
4095
4095
4095
4095
4095
4095
4095
4095
4095
4095
4095
4095
4095
4095
4095
4095
4095
4095
4095
4095
4095
4095
4095
4095
4095
4095
4095
4095
4095
4095
4095
4095
4095
4095
4095
4095
4095
4095
4095
4095
4095
4095
4095
4095
4095
4095
4095
4095
4095
4095
4095
4095
4095
4095
4095
4095
4095
4095
4095
4095
4095
4095
4095
