0
0
0
0
5
2
0
0
0
126
128
128
128
128
128
128
128
128
256
256
256
256
256
256
256
256
256
384
384
384
384
384
384
366
365
384
512
512
512
512
512
517
521
512
512
640
640
640
640
640
640
650
640
640
768
768
768
768
768
768
768
771
768
896
896
896
896
896
896
896
896
896
1023
1023
1023
1023
1023
1023
1023
1023
1023
0
0
0
0
0
52
0
0
0
128
120
128
128
128
177
128
128
128
256
256
256
256
256
256
256
256
256
384
384
384
384
384
384
384
366
384
512
518
512
512
512
512
512
503
512
640
640
640
640
708
640
640
640
640
768
768
768
768
768
768
768
768
768
896
896
896
896
896
896
896
896
896
1023
1023
1023
1023
1023
1023
1023
1023
1023
0
0
0
0
0
0
0
0
0
128
128
128
128
128
128
130
128
128
256
256
261
190
202
256
267
256
256
384
384
352
338
286
384
384
384
384
512
514
523
448
512
512
512
512
512
640
640
641
640
641
640
640
640
640
768
768
768
768
774
768
768
768
768
896
896
896
896
896
896
896
896
896
1023
1023
1023
1023
1023
1023
1023
1023
1023
0
0
0
0
0
0
0
0
0
128
128
117
128
128
140
128
128
128
256
256
244
234
256
256
272
271
256
384
384
384
394
295
384
384
384
384
512
512
512
472
512
512
512
512
512
640
640
640
640
640
640
640
640
640
768
768
768
768
768
768
768
768
768
896
896
896
896
896
896
896
896
896
1023
1023
1023
1023
1023
1023
1023
1023
1023
0
0
0
0
0
0
0
0
0
128
115
128
128
128
183
128
128
128
256
227
245
248
256
324
325
256
256
384
467
384
384
385
384
384
384
384
512
512
512
512
546
512
508
492
512
640
640
640
640
640
640
640
627
640
768
768
768
768
768
768
768
768
768
896
896
896
896
896
896
896
896
896
1023
1023
1023
1023
1023
1023
1023
1023
1023
0
0
0
0
0
0
0
0
0
128
128
128
128
128
128
128
128
128
256
256
240
256
256
256
256
256
256
384
448
366
382
384
384
384
384
384
512
548
544
478
552
520
512
512
512
640
640
640
736
640
694
640
613
640
768
768
768
823
768
768
768
768
768
896
896
896
896
896
896
896
896
896
1023
1023
1023
1023
1023
1023
1023
1023
1023
0
0
0
0
0
0
0
0
0
128
128
128
128
128
128
128
128
128
256
256
256
256
256
256
256
256
256
384
384
384
363
384
384
384
384
384
512
512
512
512
542
540
512
512
512
640
640
640
640
631
651
651
640
640
768
768
768
802
813
768
793
768
768
896
896
896
896
896
896
893
895
896
1023
1023
1023
1023
1023
1023
1023
1023
1023
0
0
0
0
0
0
0
0
0
128
128
128
128
128
128
128
128
128
256
256
256
256
256
256
256
256
256
384
384
384
384
384
384
384
384
384
512
512
512
512
512
512
512
512
512
640
640
640
640
640
640
640
640
640
768
768
768
768
768
768
768
768
768
896
896
896
896
896
896
896
871
896
1023
1023
1023
1023
1023
1023
1023
1023
1023
0
0
0
0
0
0
0
0
0
128
128
128
128
128
128
128
128
128
256
256
256
256
256
256
256
256
256
384
384
384
384
384
384
384
384
384
512
512
512
512
512
512
512
512
512
640
640
640
640
640
640
640
640
640
768
768
768
768
768
768
768
768
768
896
896
896
896
896
896
896
896
896
1023
1023
1023
1023
1023
1023
1023
1023
1023
