0
128
256
384
512
640
768
896
1023
0
124
256
384
512
640
768
896
1023
0
128
256
384
512
640
768
896
1023
0
128
256
384
512
640
744
895
1023
0
128
256
384
512
640
751
896
1023
0
128
256
384
512
640
744
894
1023
0
128
256
384
512
640
767
885
1023
0
128
256
384
512
640
768
896
1023
0
128
256
384
512
640
768
896
1023
0
128
256
384
512
657
768
896
1023
0
100
256
384
512
666
774
896
1023
0
128
256
384
512
640
768
896
1023
0
122
243
384
512
640
768
887
1023
0
109
248
384
512
640
768
891
1023
0
128
256
384
522
640
768
896
1023
0
128
256
384
513
641
768
896
1023
0
128
256
384
512
640
768
896
1023
0
128
256
384
512
640
768
896
1023
0
128
256
384
512
640
768
896
1023
0
128
256
384
512
640
771
896
1023
0
128
243
341
494
640
764
896
1023
0
128
225
304
466
640
768
896
1023
0
128
195
352
512
640
768
896
1023
0
128
256
384
512
640
768
896
1023
0
128
256
384
512
642
768
896
1023
0
128
256
384
512
640
768
896
1023
0
128
256
384
512
640
768
896
1023
0
128
256
384
512
640
768
896
1023
0
128
244
376
512
640
768
896
1023
0
128
256
351
512
640
763
894
1023
0
128
256
390
488
640
768
896
1023
0
128
256
384
512
640
768
896
1023
0
128
256
384
512
640
768
896
1023
0
128
256
384
512
640
768
896
1023
0
128
256
384
512
640
768
896
1023
0
128
256
384
512
640
768
896
1023
0
128
256
384
512
640
768
896
1023
0
75
256
384
512
646
768
896
1023
0
43
224
382
512
642
788
896
1023
0
123
256
384
512
640
768
896
1023
0
128
256
384
532
640
748
896
1023
0
128
256
384
512
640
760
868
1023
0
128
256
384
512
640
768
896
1023
0
128
256
384
512
640
768
896
1023
0
128
256
384
512
640
768
896
1023
0
128
256
384
512
640
768
896
1023
0
128
256
384
512
640
768
896
1023
0
128
172
384
512
640
771
896
1023
0
126
194
354
512
640
768
896
1023
0
121
251
351
510
643
768
896
1023
0
128
256
384
512
688
768
888
1023
0
128
256
435
512
646
768
896
1023
0
128
256
384
512
640
768
896
1023
0
128
256
384
512
640
768
896
1023
0
128
256
384
512
640
768
896
1023
0
128
256
384
512
640
768
896
1023
0
128
256
384
512
640
768
896
1023
0
128
256
304
512
640
768
896
1023
0
128
256
384
508
644
768
896
1023
0
128
256
384
512
641
768
896
1023
0
128
256
401
530
649
791
895
1023
0
128
256
384
522
640
768
895
1023
0
128
256
384
512
640
768
896
1023
0
128
256
384
512
640
768
896
1023
0
128
256
384
512
640
768
896
1023
0
128
256
384
512
640
768
896
1023
0
128
256
384
512
640
768
896
1023
0
128
256
384
512
640
768
896
1023
0
128
256
384
512
640
768
896
1023
0
128
256
384
512
640
768
896
1023
0
128
256
384
512
640
768
872
1023
0
128
256
384
512
640
768
896
1023
0
128
256
384
512
640
768
896
1023
0
128
256
384
512
640
768
896
1023
0
128
256
384
512
640
768
896
1023
0
128
256
384
512
640
768
896
1023
0
128
256
384
512
640
768
896
1023
0
128
256
384
512
640
768
896
1023
0
128
256
384
512
640
768
896
1023
0
128
256
384
512
640
768
896
1023
0
128
256
384
512
640
768
896
1023
