    0,
    2896,
    4096,
    5016,
    5793,
    6476,
    7094,
    7663,
    8192,
    8689,
    9159,
    9606,
    10033,
    10443,
    10837,
    11217,
    11585,
    11942,
    12288,
    12625,
    12952,
    13272,
    13585,
    13890,
    14189,
    14481,
    14768,
    15049,
    15326,
    15597,
    15863,
    16126,
    16384,
    16638,
    16888,
    17135,
    17378,
    17617,
    17854,
    18087,
    18318,
    18545,
    18770,
    18992,
    19212,
    19429,
    19643,
    19856,
    20066,
    20274,
    20480,
    20683,
    20885,
    21085,
    21283,
    21479,
    21674,
    21866,
    22057,
    22247,
    22434,
    22621,
    22805,
    22988,
    23170,
    23350,
    23529,
    23707,
    23883,
    24058,
    24232,
    24404,
    24576,
    24746,
    24915,
    25082,
    25249,
    25415,
    25579,
    25743,
    25905,
    26066,
    26227,
    26386,
    26545,
    26702,
    26859,
    27015,
    27169,
    27323,
    27476,
    27629,
    27780,
    27931,
    28080,
    28229,
    28377,
    28525,
    28672,
    28817,
    28963,
    29107,
    29251,
    29394,
    29536,
    29678,
    29819,
    29959,
    30099,
    30238,
    30376,
    30514,
    30651,
    30788,
    30924,
    31059,
    31194,
    31328,
    31461,
    31595,
    31727,
    31859,
    31990,
    32121,
    32251,
    32381,
    32510,
    32639,
    32768,
    32895,
    33023,
    33149,
    33276,
    33401,
    33527,
    33652,
    33776,
    33900,
    34023,
    34146,
    34269,
    34391,
    34513,
    34634,
    34755,
    34876,
    34996,
    35115,
    35235,
    35353,
    35472,
    35590,
    35708,
    35825,
    35942,
    36058,
    36174,
    36290,
    36405,
    36521,
    36635,
    36749,
    36863,
    36977,
    37090,
    37203,
    37316,
    37428,
    37540,
    37651,
    37763,
    37874,
    37984,
    38094,
    38204,
    38314,
    38423,
    38532,
    38641,
    38749,
    38857,
    38965,
    39073,
    39180,
    39287,
    39393,
    39500,
    39606,
    39712,
    39817,
    39922,
    40027,
    40132,
    40236,
    40340,
    40444,
    40548,
    40651,
    40754,
    40857,
    40959,
    41062,
    41164,
    41265,
    41367,
    41468,
    41569,
    41670,
    41771,
    41871,
    41971,
    42071,
    42170,
    42270,
    42369,
    42468,
    42566,
    42665,
    42763,
    42861,
    42959,
    43056,
    43153,
    43250,
    43347,
    43444,
    43540,
    43637,
    43733,
    43828,
    43924,
    44019,
    44115,
    44210,
    44304,
    44399,
    44493,
    44587,
    44681,
    44775,
    44869,
    44962,
    45055,
    45148,
    45241,
    45334,
    45426,
    45518,
    45610,
    45702,
    45794,
    45885,
    45977,
    46068,
    46159,
    46250,
    46340,
    46431,
    46521,
    46611,
    46701,
    46791,
    46880,
    46970,
    47059,
    47148,
    47237,
    47325,
    47414,
    47502,
    47590,
    47679,
    47766,
    47854,
    47942,
    48029,
    48116,
    48203,
    48290,
    48377,
    48464,
    48550,
    48637,
    48723,
    48809,
    48895,
    48980,
    49066,
    49151,
    49237,
    49322,
    49407,
    49491,
    49576,
    49661,
    49745,
    49829,
    49913,
    49997,
    50081,
    50165,
    50248,
    50332,
    50415,
    50498,
    50581,
    50664,
    50747,
    50829,
    50912,
    50994,
    51076,
    51158,
    51240,
    51322,
    51404,
    51485,
    51567,
    51648,
    51729,
    51810,
    51891,
    51972,
    52052,
    52133,
    52213,
    52293,
    52374,
    52454,
    52533,
    52613,
    52693,
    52772,
    52852,
    52931,
    53010,
    53089,
    53168,
    53247,
    53326,
    53404,
    53483,
    53561,
    53640,
    53718,
    53796,
    53874,
    53951,
    54029,
    54107,
    54184,
    54262,
    54339,
    54416,
    54493,
    54570,
    54647,
    54723,
    54800,
    54876,
    54953,
    55029,
    55105,
    55181,
    55257,
    55333,
    55409,
    55484,
    55560,
    55635,
    55711,
    55786,
    55861,
    55936,
    56011,
    56086,
    56161,
    56235,
    56310,
    56384,
    56459,
    56533,
    56607,
    56681,
    56755,
    56829,
    56903,
    56976,
    57050,
    57123,
    57197,
    57270,
    57343,
    57416,
    57489,
    57562,
    57635,
    57708,
    57780,
    57853,
    57925,
    57998,
    58070,
    58142,
    58214,
    58286,
    58358,
    58430,
    58502,
    58573,
    58645,
    58716,
    58788,
    58859,
    58930,
    59001,
    59072,
    59143,
    59214,
    59285,
    59356,
    59426,
    59497,
    59567,
    59638,
    59708,
    59778,
    59848,
    59918,
    59988,
    60058,
    60128,
    60198,
    60267,
    60337,
    60406,
    60476,
    60545,
    60614,
    60683,
    60753,
    60822,
    60890,
    60959,
    61028,
    61097,
    61165,
    61234,
    61302,
    61371,
    61439,
    61507,
    61575,
    61644,
    61712,
    61779,
    61847,
    61915,
    61983,
    62050,
    62118,
    62185,
    62253,
    62320,
    62387,
    62455,
    62522,
    62589,
    62656,
    62723,
    62790,
    62856,
    62923,
    62990,
    63056,
    63123,
    63189,
    63255,
    63322,
    63388,
    63454,
    63520,
    63586,
    63652,
    63718,
    63784,
    63849,
    63915,
    63981,
    64046,
    64112,
    64177,
    64242,
    64308,
    64373,
    64438,
    64503,
    64568,
    64633,
    64698,
    64762,
    64827,
    64892,
    64956,
    65021,
    65085,
    65150,
    65214,
    65279,
    65343,
    65407,
    65471,
    65535,
