5
0
0
0
0
0
0
0
0
0
0
0
0
0
0
0
0
0
0
0
0
0
0
0
0
0
0
0
0
0
0
0
4
35
0
0
0
0
0
0
0
0
4
0
0
0
0
0
0
0
0
41
59
0
0
0
0
0
0
0
0
37
0
0
0
0
0
0
0
0
0
0
0
0
0
0
0
0
0
0
0
128
128
128
128
128
128
128
128
128
128
134
128
128
128
128
128
128
128
128
128
106
115
128
128
128
128
128
128
128
107
127
128
128
128
128
128
128
128
128
128
125
128
128
128
128
128
128
128
128
48
128
128
128
128
128
128
128
128
128
128
128
128
128
128
128
128
128
128
128
128
128
128
128
128
128
128
128
128
128
128
128
256
256
256
256
256
158
211
256
256
256
256
266
285
256
256
97
256
256
256
256
247
185
252
256
257
256
256
256
256
151
216
221
256
256
256
256
256
256
112
256
256
256
256
256
256
256
256
256
256
186
194
256
256
256
256
256
256
256
256
256
256
256
256
256
256
256
256
256
256
256
256
256
256
256
256
256
256
256
256
256
256
384
384
384
384
384
384
384
384
384
384
386
384
412
384
384
342
384
384
384
384
384
455
384
384
385
384
384
384
384
384
416
384
387
387
384
384
384
384
264
308
384
384
384
384
384
384
384
384
384
384
384
384
384
384
384
384
384
384
384
384
384
384
384
384
384
384
384
384
384
384
384
384
384
384
384
384
384
384
384
384
384
512
512
512
512
512
512
512
512
512
512
514
512
512
512
512
516
512
512
512
555
538
512
512
512
560
512
512
512
514
524
598
512
512
514
512
512
512
512
512
512
526
512
536
512
512
512
512
512
512
512
512
512
512
512
512
512
512
512
512
512
512
512
512
512
512
512
512
512
512
512
512
512
512
512
512
512
512
512
512
512
512
640
640
640
640
640
640
640
640
640
640
640
640
640
640
640
640
640
640
640
640
670
640
640
640
641
646
640
640
669
711
736
698
640
640
640
640
640
640
664
745
761
640
640
640
640
640
640
640
736
640
666
641
640
640
640
640
640
640
640
640
640
640
640
640
640
640
640
640
640
640
640
640
640
640
640
640
640
640
640
640
640
768
768
768
768
768
768
768
768
768
768
768
768
768
768
768
768
768
768
768
768
768
768
768
768
768
768
768
768
768
768
768
768
768
768
768
768
768
768
768
768
771
784
768
768
768
768
768
768
775
772
768
769
768
768
768
768
768
768
791
768
785
768
768
768
768
768
768
768
768
768
768
768
768
768
768
768
768
768
768
768
768
896
896
896
896
896
896
896
896
896
896
896
896
896
896
896
896
896
896
896
896
896
896
896
896
896
896
896
896
896
896
896
896
896
896
896
896
896
896
896
896
896
896
896
896
896
896
896
896
896
896
896
896
896
896
896
896
896
896
896
896
896
896
896
896
896
896
896
896
896
896
887
896
896
896
896
896
896
896
896
896
896
1023
1023
1023
1023
1023
1023
1023
1023
1023
1023
1023
1023
1023
1023
1023
1023
1023
1023
1023
1023
1023
1023
1023
1023
1023
1023
1023
1023
1023
1023
1023
1023
1023
1023
1023
1023
1023
1023
1023
1023
1023
1023
1023
1023
1023
1023
1023
1023
1023
1023
1023
1023
1023
1023
1023
1023
1023
1023
1023
1023
1023
1023
1023
1023
1023
1023
1023
1023
1023
1023
1023
1023
1023
1023
1023
1023
1023
1023
1023
1023
1023
