2
1
0
0
0
0
0
0
0
0
0
0
0
0
0
0
0
0
0
0
0
0
0
0
0
0
0
0
0
0
0
0
0
0
0
0
0
0
0
0
0
0
0
0
0
0
0
0
0
0
0
38
0
0
0
0
0
0
0
0
0
64
0
0
0
0
0
0
0
0
0
0
0
0
0
0
0
0
0
0
0
128
128
128
128
128
125
128
128
128
128
138
128
128
128
128
128
128
128
128
128
128
128
128
128
128
128
128
128
121
128
128
128
128
128
92
128
128
124
128
128
128
128
128
103
128
128
128
128
128
48
128
128
128
128
128
128
128
128
128
128
128
128
128
128
128
128
128
128
128
128
128
128
128
128
128
128
128
128
128
128
128
256
256
256
256
256
256
256
256
256
256
256
256
256
256
256
255
256
256
256
256
265
186
212
256
256
256
256
256
256
256
234
159
256
256
256
256
256
232
181
132
256
256
256
256
256
256
256
256
256
220
256
256
256
256
256
256
256
256
244
166
256
256
256
256
256
256
256
256
256
256
256
256
256
256
256
256
256
256
256
256
256
384
384
384
384
384
384
384
384
384
384
384
384
384
384
384
384
384
384
384
384
379
340
384
384
340
339
384
384
384
384
386
217
384
384
336
384
384
384
384
145
274
384
384
384
384
384
384
384
384
384
384
384
384
384
384
384
384
384
384
384
384
384
384
384
384
384
384
384
384
384
384
384
384
384
384
384
384
384
384
384
384
512
512
512
512
512
512
512
512
512
512
524
512
512
512
512
512
512
512
512
551
538
490
512
550
562
512
512
512
530
512
494
512
512
512
508
512
512
512
512
512
528
512
509
469
512
512
512
512
512
512
512
512
512
512
512
512
512
512
512
512
512
512
512
512
512
512
512
512
512
512
512
512
512
512
512
512
512
512
512
512
512
640
640
640
640
640
640
640
640
640
640
640
640
640
640
640
640
640
640
640
640
641
640
640
640
640
640
640
640
672
660
632
640
640
649
640
640
640
640
708
626
633
640
640
636
640
640
640
640
640
641
664
640
534
640
640
640
640
640
640
640
640
640
640
640
640
640
640
640
640
640
640
640
640
640
640
640
640
640
640
640
640
768
768
768
768
768
768
768
768
768
768
768
768
768
768
768
768
768
768
768
768
768
768
768
768
768
768
768
768
768
768
753
768
768
768
768
768
768
768
768
758
718
757
768
768
768
768
768
768
768
691
717
768
768
768
768
768
768
760
740
769
782
768
768
768
768
768
768
761
768
768
768
768
768
768
768
768
768
768
768
768
768
896
896
896
896
896
896
896
896
896
896
896
896
896
896
896
896
896
896
896
896
896
896
896
896
896
896
896
896
896
896
896
896
896
896
896
896
896
896
896
896
896
896
896
896
896
896
896
896
896
896
864
896
896
896
896
896
896
896
896
896
896
896
896
896
896
896
896
893
896
896
889
896
896
896
896
896
896
896
896
896
896
1023
1023
1023
1023
1023
1023
1023
1023
1023
1023
1023
1023
1023
1023
1023
1023
1023
1023
1023
1023
1023
1023
1023
1023
1023
1023
1023
1023
1023
1023
1023
1023
1023
1023
1023
1023
1023
1023
1023
1023
1023
1023
1023
1023
1023
1023
1023
1023
1023
1023
1023
1023
1023
1023
1023
1023
1023
1023
1023
1023
1023
1023
1023
1023
1023
1023
1023
1023
1023
1023
1023
1023
1023
1023
1023
1023
1023
1023
1023
1023
1023
