1
1
0
0
0
1
0
0
0
0
0
0
0
0
0
0
0
0
0
0
0
0
0
0
0
0
0
0
0
0
0
0
0
0
0
0
0
0
0
0
0
0
0
0
0
0
0
0
0
0
0
32
4
0
0
0
0
0
0
0
0
67
0
0
0
0
0
0
0
0
0
0
0
0
0
0
0
0
0
0
0
128
128
128
128
128
154
128
128
128
128
137
128
128
128
129
132
128
128
128
128
128
128
128
128
128
128
128
128
125
128
128
128
128
128
78
128
128
111
128
128
128
128
128
96
128
128
128
128
128
52
128
128
128
128
128
128
128
128
128
128
128
128
128
128
128
128
128
128
128
128
128
128
128
128
128
128
128
128
128
128
128
256
256
256
256
256
256
256
256
256
256
256
256
256
256
256
256
256
256
256
256
265
248
223
256
256
256
256
256
256
256
256
186
256
256
256
256
256
252
206
209
256
256
256
256
256
256
256
256
256
239
256
256
256
256
256
256
256
256
249
182
256
256
256
256
256
256
256
256
256
256
256
256
256
256
256
256
256
256
256
256
256
384
384
384
384
384
384
384
384
384
384
384
384
384
384
384
384
384
384
384
384
380
332
384
384
342
342
384
384
384
384
381
196
384
384
340
384
384
384
384
116
204
384
384
384
384
384
384
384
384
331
384
384
384
384
384
384
384
384
384
384
384
384
384
384
384
384
384
384
384
384
384
384
384
384
384
384
384
384
384
384
384
512
512
512
512
512
512
512
512
512
512
527
512
512
512
512
512
512
512
512
545
533
482
512
556
564
512
512
512
545
512
481
512
512
512
511
512
512
512
512
512
528
512
512
475
512
512
512
512
512
512
512
512
502
512
512
512
512
512
512
512
512
512
512
512
512
512
512
512
512
512
512
512
512
512
512
512
512
512
512
512
512
640
640
640
640
640
640
640
640
640
640
640
640
640
640
640
640
640
640
640
640
645
640
640
640
643
640
640
640
677
659
628
640
640
643
640
640
640
640
718
640
636
640
640
640
640
640
640
640
640
641
664
640
520
622
640
640
640
640
640
640
640
640
640
640
640
640
640
640
640
640
640
640
640
640
640
640
640
640
640
640
640
768
768
768
768
768
768
768
768
768
768
768
768
768
768
768
768
768
768
768
768
768
768
768
768
768
768
768
768
768
768
745
768
768
768
768
768
768
768
768
748
725
745
768
768
768
768
768
768
768
675
699
768
768
768
768
768
768
767
745
769
785
768
768
768
768
768
768
762
768
768
768
768
768
768
768
768
768
768
768
768
768
896
896
896
896
896
896
896
896
896
896
896
896
896
896
896
896
896
896
896
896
896
896
896
896
896
896
896
896
896
896
896
896
896
896
896
896
896
896
896
896
896
896
896
896
896
896
896
896
896
896
839
896
896
896
896
896
896
896
896
896
896
896
896
896
896
896
896
894
896
896
893
896
896
896
896
896
896
896
896
896
896
1023
1023
1023
1023
1023
1023
1023
1023
1023
1023
1023
1023
1023
1023
1023
1023
1023
1023
1023
1023
1023
1023
1023
1023
1023
1023
1023
1023
1023
1023
1023
1023
1023
1023
1023
1023
1023
1023
1023
1023
1023
1023
1023
1023
1023
1023
1023
1023
1023
1023
1023
1023
1023
1023
1023
1023
1023
1023
1023
1023
1023
1023
1023
1023
1023
1023
1023
1023
1023
1023
1023
1023
1023
1023
1023
1023
1023
1023
1023
1023
1023
