4
3
0
0
0
0
0
0
0
128
128
128
128
128
128
128
128
128
256
256
256
256
256
256
256
256
256
384
384
384
384
384
384
352
384
384
512
512
512
512
512
512
498
512
512
640
640
640
640
640
640
630
639
640
768
768
768
768
768
768
768
765
768
896
896
896
896
896
896
896
896
896
1023
1023
1023
1023
1023
1023
1023
1023
1023
0
0
0
0
0
93
32
0
0
128
141
128
128
128
128
153
128
128
256
256
256
256
256
256
256
256
256
384
387
384
384
384
384
378
384
384
512
512
522
512
512
512
511
505
512
640
640
640
640
679
642
640
640
640
768
768
768
768
768
773
768
768
768
896
896
896
896
896
896
896
896
896
1023
1023
1023
1023
1023
1023
1023
1023
1023
0
0
0
0
0
0
0
0
0
128
128
128
128
128
128
166
128
128
256
256
253
176
227
256
246
256
256
384
384
379
355
306
384
384
384
384
512
512
549
494
512
512
512
512
512
640
640
640
640
640
640
640
640
640
768
768
768
768
768
785
768
768
768
896
896
896
896
896
896
896
896
896
1023
1023
1023
1023
1023
1023
1023
1023
1023
0
0
0
0
0
0
0
0
0
128
128
128
122
128
128
128
128
128
256
256
256
240
255
256
233
254
256
384
384
384
396
361
384
384
374
384
512
512
512
512
512
512
512
512
512
640
640
640
640
640
640
640
640
640
768
768
768
768
768
768
768
768
768
896
896
896
896
896
896
896
896
896
1023
1023
1023
1023
1023
1023
1023
1023
1023
0
0
0
0
0
0
0
0
0
128
119
128
128
128
128
128
128
128
256
215
247
256
255
256
283
256
256
384
408
384
384
384
384
384
384
384
512
512
512
513
521
512
528
515
512
640
640
640
640
640
640
640
648
640
768
768
768
768
768
768
768
768
768
896
896
896
896
896
896
896
896
896
1023
1023
1023
1023
1023
1023
1023
1023
1023
0
0
0
0
0
0
0
0
0
128
128
128
128
128
128
128
128
128
256
256
250
256
256
256
259
256
256
384
400
364
350
384
384
385
384
384
512
512
574
505
518
512
512
512
512
640
640
640
655
641
657
640
641
640
768
768
768
789
780
768
768
768
768
896
896
896
896
896
896
896
896
896
1023
1023
1023
1023
1023
1023
1023
1023
1023
0
0
0
0
0
0
0
0
0
128
128
128
128
128
128
128
128
128
256
256
256
256
256
256
256
256
256
384
384
384
341
384
384
384
384
384
512
512
512
510
517
521
512
512
512
640
640
640
640
639
650
640
640
640
768
768
768
768
819
770
780
768
768
896
896
896
896
896
896
896
896
896
1023
1023
1023
1023
1023
1023
1023
1023
1023
0
0
0
0
0
0
0
0
0
128
128
128
128
128
128
128
128
128
256
256
256
256
256
256
256
256
256
384
384
384
384
384
384
384
384
384
512
512
512
512
512
512
512
512
512
640
640
640
640
640
640
640
640
640
768
768
768
768
768
768
768
768
768
896
896
896
896
896
896
896
889
896
1023
1023
1023
1023
1023
1023
1023
1023
1023
0
0
0
0
0
0
0
0
0
128
128
128
128
128
128
128
128
128
256
256
256
256
256
256
256
256
256
384
384
384
384
384
384
384
384
384
512
512
512
512
512
512
512
512
512
640
640
640
640
640
640
640
640
640
768
768
768
768
768
768
768
768
768
896
896
896
896
896
896
896
896
896
1023
1023
1023
1023
1023
1023
1023
1023
1023
