3
0
0
0
2
1
0
0
0
2
0
0
0
0
0
0
0
0
0
0
0
0
0
0
0
0
0
0
0
0
0
0
0
0
0
0
0
0
0
0
0
0
1
0
0
0
0
0
0
0
0
61
0
0
0
0
0
0
0
0
1
25
0
0
0
0
0
0
0
0
0
0
0
0
0
0
0
0
0
0
0
128
128
128
128
128
153
128
128
128
128
136
128
128
128
152
128
128
128
128
128
128
128
128
128
128
128
128
128
128
128
128
128
128
128
82
128
128
104
128
128
128
128
128
105
128
128
128
128
128
112
128
128
128
128
128
128
128
128
128
128
128
128
128
128
128
128
128
128
128
128
128
128
128
128
128
128
128
128
128
128
128
256
256
256
256
256
256
256
256
256
256
256
256
256
256
256
255
256
256
256
256
255
177
191
256
249
256
256
256
256
180
149
138
256
256
256
256
256
249
210
108
256
256
256
256
256
256
256
254
256
256
256
256
256
256
256
256
256
256
255
256
256
256
256
256
256
256
256
256
256
256
256
256
256
256
256
256
256
256
256
256
256
384
384
384
384
384
384
384
384
384
384
384
385
384
384
395
384
384
384
384
384
385
385
384
384
374
375
384
384
384
384
382
277
384
384
384
384
384
384
384
289
384
384
384
384
384
384
384
384
384
384
384
384
384
384
384
384
384
384
384
384
384
384
384
384
384
384
384
384
384
384
384
384
384
384
384
384
384
384
384
384
384
512
512
512
512
512
512
512
512
512
512
521
512
512
512
562
512
512
512
512
532
519
512
512
574
575
512
512
512
611
512
512
512
512
512
512
512
512
512
512
512
528
512
503
465
512
512
512
512
512
512
512
512
481
512
512
512
512
512
512
512
512
512
512
512
512
512
512
512
512
512
512
512
512
512
512
512
512
512
512
512
512
640
640
640
640
640
640
640
640
640
640
640
640
640
640
640
640
640
640
640
640
651
640
640
640
640
640
640
640
716
654
642
640
640
640
640
640
640
682
678
608
672
644
640
640
640
640
640
640
729
640
667
640
578
640
640
640
640
690
640
640
640
640
640
640
640
640
640
640
640
640
640
640
640
640
640
640
640
640
640
640
640
768
768
768
768
768
768
768
768
768
768
768
768
768
768
768
768
768
768
768
768
768
768
768
768
768
768
768
768
768
768
784
768
768
768
768
768
768
768
768
768
792
791
768
768
768
768
768
768
768
760
774
773
768
768
768
768
768
798
808
768
782
768
768
768
768
768
768
768
768
767
768
768
768
768
768
768
768
768
768
768
768
896
896
896
896
896
896
896
896
896
896
896
896
896
896
896
896
896
896
896
896
896
896
896
896
896
896
896
896
896
896
896
896
896
896
896
896
896
896
896
896
896
896
896
896
896
896
896
896
896
896
896
896
896
896
896
896
896
896
896
896
896
896
896
896
896
896
896
896
896
896
890
896
896
896
896
896
896
896
896
896
896
1023
1023
1023
1023
1023
1023
1023
1023
1023
1023
1023
1023
1023
1023
1023
1023
1023
1023
1023
1023
1023
1023
1023
1023
1023
1023
1023
1023
1023
1023
1023
1023
1023
1023
1023
1023
1023
1023
1023
1023
1023
1023
1023
1023
1023
1023
1023
1023
1023
1023
1023
1023
1023
1023
1023
1023
1023
1023
1023
1023
1023
1023
1023
1023
1023
1023
1023
1023
1023
1023
1023
1023
1023
1023
1023
1023
1023
1023
1023
1023
1023
