0
0
0
0
0
0
0
0
0
0
0
0
0
0
0
0
0
0
0
0
0
0
0
0
0
0
0
0
0
0
0
0
0
0
0
0
0
0
0
0
0
0
4
0
0
0
0
0
0
0
0
62
0
0
0
0
0
0
0
0
3
27
0
0
0
0
0
0
0
0
0
0
0
0
0
0
0
0
0
0
0
128
128
128
128
128
119
128
128
128
128
117
128
128
128
116
128
128
128
128
128
124
128
128
128
128
128
128
128
120
85
128
128
128
128
118
128
128
115
128
128
128
128
128
123
128
128
128
128
128
112
128
128
128
128
128
128
128
128
127
128
128
128
128
128
128
128
128
128
128
128
128
128
128
128
128
128
128
128
128
128
128
256
256
256
256
256
256
256
256
256
256
256
269
256
256
256
252
256
256
256
256
250
174
248
256
264
256
256
256
256
232
193
189
256
256
256
256
256
253
208
256
256
256
256
256
256
256
256
256
256
256
256
256
256
256
256
256
256
256
255
255
256
256
256
256
256
256
256
256
256
256
256
256
256
256
256
256
256
256
256
256
256
384
384
384
384
384
384
384
384
384
384
384
404
396
384
384
384
384
384
384
384
385
433
384
384
396
385
384
384
384
384
403
377
384
384
384
384
384
384
384
384
384
384
393
384
384
384
384
384
384
384
384
384
384
384
384
384
384
384
384
384
384
384
384
384
384
384
384
384
384
384
384
384
384
384
384
384
384
384
384
384
384
512
512
512
512
512
512
512
512
512
512
513
512
512
512
532
512
512
512
512
515
513
512
512
519
577
512
512
512
573
519
535
512
512
512
512
512
512
512
512
512
541
512
539
512
512
512
512
512
512
512
512
516
523
512
512
512
512
512
512
512
512
512
512
512
512
512
512
512
512
512
512
512
512
512
512
512
512
512
512
512
512
640
640
640
640
640
640
640
640
640
640
640
640
640
640
640
640
640
640
640
640
692
640
640
640
643
640
640
640
681
696
689
687
640
640
640
640
640
730
653
722
709
641
640
640
640
640
640
652
688
640
689
640
640
640
640
640
640
766
640
648
640
640
640
640
640
640
640
640
640
640
640
640
640
640
640
640
640
640
640
640
640
768
768
768
768
768
768
768
768
768
768
768
768
768
768
768
768
768
768
768
768
768
768
768
768
768
768
768
768
768
768
788
768
768
768
768
768
768
768
768
768
829
775
768
768
768
768
768
768
768
768
768
768
768
768
768
768
768
798
768
774
792
767
768
768
768
768
768
768
768
768
768
768
768
768
768
768
768
768
768
768
768
896
896
896
896
896
896
896
896
896
896
896
896
896
896
896
896
896
896
896
896
896
896
896
896
896
896
896
896
896
896
896
896
896
896
896
896
896
896
896
896
896
896
896
896
896
896
896
896
896
896
896
896
896
896
896
896
896
896
896
896
896
896
896
896
896
896
896
896
896
896
878
896
896
896
896
896
896
896
896
896
896
1023
1023
1023
1023
1023
1023
1023
1023
1023
1023
1023
1023
1023
1023
1023
1023
1023
1023
1023
1023
1023
1023
1023
1023
1023
1023
1023
1023
1023
1023
1023
1023
1023
1023
1023
1023
1023
1023
1023
1023
1023
1023
1023
1023
1023
1023
1023
1023
1023
1023
1023
1023
1023
1023
1023
1023
1023
1023
1023
1023
1023
1023
1023
1023
1023
1023
1023
1023
1023
1023
1023
1023
1023
1023
1023
1023
1023
1023
1023
1023
1023
