0
0
0
0
0
0
0
0
0
128
128
128
128
128
128
128
128
128
256
256
256
256
256
256
256
256
256
384
384
384
384
384
384
368
384
384
512
512
512
512
512
512
528
512
512
640
640
640
640
640
640
645
640
640
768
768
768
768
768
768
768
769
768
896
896
896
896
896
896
896
896
896
1023
1023
1023
1023
1023
1023
1023
1023
1023
0
0
0
0
0
20
0
0
0
128
122
128
128
128
154
128
128
128
256
256
258
256
256
256
256
256
256
384
389
400
384
384
384
384
380
384
512
521
512
512
512
512
512
510
512
640
640
640
640
702
640
640
640
640
768
768
768
768
772
768
768
768
768
896
896
896
896
896
896
896
896
896
1023
1023
1023
1023
1023
1023
1023
1023
1023
0
0
0
0
0
0
0
0
0
128
128
134
128
128
128
147
128
128
256
256
259
181
248
256
273
256
256
384
384
393
407
322
384
384
384
384
512
514
544
512
512
512
512
512
512
640
640
640
640
640
640
640
640
640
768
768
768
768
772
771
768
768
768
896
896
896
896
896
896
896
896
896
1023
1023
1023
1023
1023
1023
1023
1023
1023
0
0
0
0
0
0
0
0
0
128
128
136
133
128
128
128
128
128
256
256
258
277
256
256
281
258
256
384
384
384
416
377
384
384
384
384
512
512
512
512
512
512
520
512
512
640
640
640
640
640
640
640
640
640
768
768
768
768
768
768
768
768
768
896
896
896
896
896
896
896
896
896
1023
1023
1023
1023
1023
1023
1023
1023
1023
0
0
0
0
0
0
0
0
0
128
114
128
128
128
149
128
128
128
256
224
248
256
256
263
323
256
256
384
422
390
402
384
384
384
384
384
512
512
512
512
550
512
536
512
512
640
640
640
640
640
640
643
650
640
768
768
768
768
768
768
768
768
768
896
896
896
896
896
896
896
896
896
1023
1023
1023
1023
1023
1023
1023
1023
1023
0
0
0
0
0
0
0
0
0
128
128
128
128
128
128
128
128
128
256
256
252
256
256
256
259
256
256
384
409
393
405
438
384
384
384
384
512
568
519
578
591
514
512
512
512
640
640
646
665
640
667
640
640
640
768
768
768
836
768
772
768
768
768
896
896
896
896
896
896
896
896
896
1023
1023
1023
1023
1023
1023
1023
1023
1023
0
0
0
0
0
0
0
0
0
128
128
128
128
128
128
128
128
128
256
256
256
256
256
256
256
256
256
384
384
384
387
384
384
384
384
384
512
512
512
512
582
521
512
512
512
640
640
640
640
640
640
640
640
640
768
768
768
783
768
771
777
767
768
896
896
896
896
896
896
896
896
896
1023
1023
1023
1023
1023
1023
1023
1023
1023
0
0
0
0
0
0
0
0
0
128
128
128
128
128
128
128
128
128
256
256
256
256
256
256
256
256
256
384
384
384
384
384
384
384
384
384
512
512
512
512
512
512
512
512
512
640
640
640
640
640
640
640
640
640
768
768
768
768
768
768
768
768
768
896
896
896
896
896
896
896
882
896
1023
1023
1023
1023
1023
1023
1023
1023
1023
0
0
0
0
0
0
0
0
0
128
128
128
128
128
128
128
128
128
256
256
256
256
256
256
256
256
256
384
384
384
384
384
384
384
384
384
512
512
512
512
512
512
512
512
512
640
640
640
640
640
640
640
640
640
768
768
768
768
768
768
768
768
768
896
896
896
896
896
896
896
896
896
1023
1023
1023
1023
1023
1023
1023
1023
1023
