0
0
0
0
0
0
0
0
0
0
0
0
0
0
0
0
0
0
0
0
0
0
0
0
0
0
0
0
0
0
0
0
0
0
0
0
0
0
0
0
0
0
0
0
0
0
0
0
0
0
0
0
0
0
0
0
0
0
0
0
0
0
0
0
0
0
0
0
0
0
0
0
0
0
0
0
0
0
0
0
0
0
0
0
0
0
0
0
0
0
0
0
0
0
0
0
0
0
0
0
0
0
0
0
0
4
4
4
4
4
4
4
4
4
4
8
8
8
8
8
8
8
8
8
8
12
12
12
12
12
12
12
12
12
12
16
16
16
16
16
16
16
16
16
16
20
20
20
20
20
20
20
20
20
20
24
24
24
24
24
24
24
24
24
24
28
28
28
28
28
28
28
28
28
28
32
32
32
32
32
32
32
32
32
32
36
36
36
36
36
36
36
36
36
36
40
40
40
40
40
40
40
40
40
40
40
44
44
44
44
44
44
44
44
44
44
48
48
48
48
48
48
48
48
48
48
48
48
52
52
52
52
52
52
52
52
52
52
52
52
52
56
56
56
56
56
56
56
56
56
56
56
56
56
56
56
56
56
56
60
60
60
60
60
60
60
60
60
60
60
60
60
60
60
60
60
60
60
60
60
60
60
60
60
60
60
60
60
60
60
60
60
60
60
60
60
60
60
60
60
60
60
60
60
60
60
60
60
60
60
60
60
60
60
60
60
60
60
60
60
60
60
60
60
60
60
60
60
60
56
56
56
56
56
56
56
56
56
56
56
56
56
56
56
56
56
52
52
52
52
52
52
52
52
52
52
52
52
52
48
48
48
48
48
48
48
48
48
48
48
48
44
44
44
44
44
44
44
44
44
44
40
40
40
40
40
40
40
40
40
40
36
36
36
36
36
36
36
36
36
32
32
32
32
32
32
32
32
32
32
28
28
28
28
28
28
28
28
28
24
24
24
24
24
24
24
24
24
20
20
20
20
20
20
20
20
20
16
16
16
16
16
16
16
16
16
16
16
12
12
12
12
12
12
12
12
12
12
12
8
8
8
8
8
8
8
8
8
8
8
8
4
4
4
4
4
4
4
4
4
4
4
4
4
4
4
4
4
4
0
0
0
0
0
0
0
0
0
0
0
0
0
0
0
0
0
0
0
0
0
0
0
0
0
0
0
0
0
0
0
0
0
0
0
0
0
0
0
0
0
0
0
0
0
0
-4
-4
-4
-4
-4
-4
-4
-4
-4
-4
-4
-4
-4
-4
-4
-4
-4
-4
-8
-8
-8
-8
-8
-8
-8
-8
-8
-8
-8
-8
-12
-12
-12
-12
-12
-12
-12
-12
-12
-12
-12
-16
-16
-16
-16
-16
-16
-16
-16
-16
-16
-16
-20
-20
-20
-20
-20
-20
-20
-20
-20
-24
-24
-24
-24
-24
-24
-24
-24
-24
-28
-28
-28
-28
-28
-28
-28
-28
-28
-32
-32
-32
-32
-32
-32
-32
-32
-32
-32
-36
-36
-36
-36
-36
-36
-36
-36
-36
-40
-40
-40
-40
-40
-40
-40
-40
-40
-40
-44
-44
-44
-44
-44
-44
-44
-44
-44
-44
-48
-48
-48
-48
-48
-48
-48
-48
-48
-48
-48
-48
-52
-52
-52
-52
-52
-52
-52
-52
-52
-52
-52
-52
-52
-56
-56
-56
-56
-56
-56
-56
-56
-56
-56
-56
-56
-56
-56
-56
-56
-56
-60
-60
-60
-60
-60
-60
-60
-60
-60
-60
-60
-60
-60
-60
-60
-60
-60
-60
-60
-60
-60
-60
-60
-60
-60
-60
-60
-60
-60
-60
-60
-60
-60
-60
-60
-60
-60
-60
-60
-60
-60
-60
-60
-60
-60
-60
-60
-60
-60
-60
-60
-60
-60
-60
-60
-60
-60
-60
-60
-60
-60
-60
-60
-60
-60
-60
-60
-60
-60
-60
-56
-56
-56
-56
-56
-56
-56
-56
-56
-56
-56
-56
-56
-56
-56
-56
-56
-56
-52
-52
-52
-52
-52
-52
-52
-52
-52
-52
-52
-52
-52
-48
-48
-48
-48
-48
-48
-48
-48
-48
-48
-48
-48
-44
-44
-44
-44
-44
-44
-44
-44
-44
-44
-40
-40
-40
-40
-40
-40
-40
-40
-40
-40
-40
-36
-36
-36
-36
-36
-36
-36
-36
-36
-36
-32
-32
-32
-32
-32
-32
-32
-32
-32
-32
-28
-28
-28
-28
-28
-28
-28
-28
-28
-28
-24
-24
-24
-24
-24
-24
-24
-24
-24
-24
-20
-20
-20
-20
-20
-20
-20
-20
-20
-20
-16
-16
-16
-16
-16
-16
-16
-16
-16
-16
-12
-12
-12
-12
-12
-12
-12
-12
-12
-12
-8
-8
-8
-8
-8
-8
-8
-8
-8
-8
-4
-4
-4
-4
-4
-4
-4
-4
-4
-4
0
0
0
0
0
0
0
0
0
0
0
0
0
0
0
0
0
0
0
0
0
0
0
0
0
0
0
0
0
0
0
0
0
0
0
0
0
0
0
0
0
0
0
0
0
0
0
0
0
0
0
0
0
0
0
0
0
0
0
0
0
0
0
0
0
0
0
0
0
0
0
0
0
0
0
0
0
0
0
0
0
0
0
0
0
0
0
0
0
0
0
0
0
0
0
0
0
0
0
0
0
0
0
0
0
