0,
446,
776,
1073,
1351,
1615,
1869,
2114,
2353,
2585,
2812,
3035,
3254,
3469,
3681,
3890,
4096,
4300,
4501,
4700,
4897,
5091,
5284,
5476,
5665,
5854,
6040,
6225,
6409,
6591,
6773,
6953,
7132,
7309,
7486,
7662,
7836,
8010,
8183,
8354,
8525,
8695,
8865,
9033,
9201,
9368,
9534,
9699,
9864,
10028,
10192,
10354,
10516,
10678,
10839,
10999,
11159,
11318,
11476,
11634,
11792,
11949,
12105,
12261,
12417,
12572,
12726,
12880,
13034,
13187,
13340,
13492,
13644,
13795,
13946,
14097,
14247,
14396,
14546,
14695,
14843,
14992,
15140,
15287,
15434,
15581,
15728,
15874,
16020,
16165,
16310,
16455,
16599,
16744,
16888,
17031,
17174,
17317,
17460,
17602,
17745,
17886,
18028,
18169,
18310,
18451,
18591,
18731,
18871,
19011,
19150,
19290,
19428,
19567,
19706,
19844,
19982,
20119,
20257,
20394,
20531,
20668,
20804,
20941,
21077,
21213,
21348,
21484,
21619,
21754,
21889,
22023,
22158,
22292,
22426,
22560,
22693,
22827,
22960,
23093,
23226,
23358,
23491,
23623,
23755,
23887,
24019,
24150,
24281,
24413,
24544,
24674,
24805,
24935,
25066,
25196,
25326,
25456,
25585,
25715,
25844,
25973,
26102,
26231,
26360,
26488,
26616,
26745,
26873,
27001,
27128,
27256,
27383,
27511,
27638,
27765,
27892,
28018,
28145,
28271,
28398,
28524,
28650,
28776,
28901,
29027,
29152,
29278,
29403,
29528,
29653,
29778,
29902,
30027,
30151,
30276,
30400,
30524,
30648,
30771,
30895,
31019,
31142,
31265,
31388,
31511,
31634,
31757,
31880,
32002,
32125,
32247,
32369,
32491,
32613,
32735,
32857,
32979,
33100,
33222,
33343,
33464,
33585,
33706,
33827,
33948,
34068,
34189,
34309,
34430,
34550,
34670,
34790,
34910,
35030,
35149,
35269,
35389,
35508,
35627,
35746,
35866,
35985,
36103,
36222,
36341,
36460,
36578,
36697,
36815,
36933,
37051,
37169,
37287,
37405,
37523,
37641,
37758,
37876,
37993,
38110,
38228,
38345,
38462,
38579,
38696,
38812,
38929,
39046,
39162,
39279,
39395,
39511,
39627,
39743,
39859,
39975,
40091,
40207,
40322,
40438,
40554,
40669,
40784,
40900,
41015,
41130,
41245,
41360,
41475,
41589,
41704,
41819,
41933,
42048,
42162,
42276,
42391,
42505,
42619,
42733,
42847,
42961,
43074,
43188,
43302,
43415,
43529,
43642,
43755,
43869,
43982,
44095,
44208,
44321,
44434,
44547,
44659,
44772,
44885,
44997,
45109,
45222,
45334,
45446,
45559,
45671,
45783,
45895,
46007,
46118,
46230,
46342,
46454,
46565,
46677,
46788,
46899,
47011,
47122,
47233,
47344,
47455,
47566,
47677,
47788,
47899,
48010,
48120,
48231,
48341,
48452,
48562,
48673,
48783,
48893,
49003,
49113,
49223,
49333,
49443,
49553,
49663,
49772,
49882,
49992,
50101,
50211,
50320,
50430,
50539,
50648,
50757,
50866,
50975,
51084,
51193,
51302,
51411,
51520,
51629,
51737,
51846,
51954,
52063,
52171,
52280,
52388,
52496,
52605,
52713,
52821,
52929,
53037,
53145,
53253,
53361,
53468,
53576,
53684,
53791,
53899,
54006,
54114,
54221,
54329,
54436,
54543,
54650,
54757,
54864,
54971,
55078,
55185,
55292,
55399,
55506,
55613,
55719,
55826,
55932,
56039,
56145,
56252,
56358,
56464,
56571,
56677,
56783,
56889,
56995,
57101,
57207,
57313,
57419,
57525,
57631,
57736,
57842,
57948,
58053,
58159,
58264,
58370,
58475,
58580,
58686,
58791,
58896,
59001,
59106,
59211,
59316,
59421,
59526,
59631,
59736,
59841,
59945,
60050,
60155,
60259,
60364,
60468,
60573,
60677,
60782,
60886,
60990,
61095,
61199,
61303,
61407,
61511,
61615,
61719,
61823,
61927,
62031,
62134,
62238,
62342,
62446,
62549,
62653,
62756,
62860,
62963,
63067,
63170,
63273,
63377,
63480,
63583,
63686,
63789,
63892,
63995,
64098,
64201,
64304,
64407,
64510,
64613,
64716,
64818,
64921,
65023,
65126,
65229,
65331,
65434,
65535,
