0
0
0
0
0
0
0
0
0
128
126
128
128
128
128
128
128
128
256
256
256
256
256
256
256
256
256
384
384
384
384
384
384
362
383
384
512
512
512
512
512
512
526
512
512
640
640
640
640
640
640
643
641
640
768
768
768
768
768
768
768
769
768
896
896
896
896
896
896
896
896
896
1023
1023
1023
1023
1023
1023
1023
1023
1023
0
0
0
0
0
18
0
0
0
128
121
128
128
128
156
135
128
128
256
256
256
256
256
256
256
256
256
384
387
382
384
384
384
384
376
384
512
520
515
512
512
512
512
507
512
640
640
640
640
689
640
640
640
640
768
768
768
768
774
771
768
768
768
896
896
896
896
896
896
896
896
896
1023
1023
1023
1023
1023
1023
1023
1023
1023
0
0
0
0
0
0
0
0
0
128
128
128
128
128
128
131
128
128
256
256
260
171
219
256
261
256
256
384
384
379
371
293
384
384
384
384
512
512
538
507
512
512
512
512
512
640
640
640
640
640
640
640
640
640
768
768
768
768
768
778
768
768
768
896
896
896
896
896
896
896
896
896
1023
1023
1023
1023
1023
1023
1023
1023
1023
0
0
0
0
0
0
0
0
0
128
128
129
129
128
128
128
128
128
256
256
256
259
256
256
263
258
256
384
384
384
409
335
384
384
384
384
512
512
512
512
512
512
512
512
512
640
640
640
640
640
640
640
640
640
768
768
768
768
768
768
768
768
768
896
896
896
896
896
896
896
896
896
1023
1023
1023
1023
1023
1023
1023
1023
1023
0
0
0
0
0
0
0
0
0
128
115
128
128
128
147
128
128
128
256
235
248
256
256
261
322
256
256
384
407
384
386
385
384
384
384
384
512
512
512
512
556
512
485
512
512
640
640
640
640
640
640
629
602
640
768
768
768
768
768
768
768
768
768
896
896
896
896
896
896
896
896
896
1023
1023
1023
1023
1023
1023
1023
1023
1023
0
0
0
0
0
0
0
0
0
128
128
128
128
128
128
128
128
128
256
256
243
256
256
256
265
256
256
384
394
379
382
384
384
384
384
384
512
546
537
517
541
519
512
512
512
640
640
640
640
640
668
640
629
640
768
768
768
777
768
770
768
768
768
896
896
896
896
896
896
896
896
896
1023
1023
1023
1023
1023
1023
1023
1023
1023
0
0
0
0
0
0
0
0
0
128
128
128
128
128
128
128
128
128
256
256
256
256
256
256
256
256
256
384
384
384
378
384
384
384
384
384
512
512
512
512
542
540
512
512
512
640
640
640
640
640
646
640
640
640
768
768
768
771
771
772
776
767
768
896
896
896
896
898
896
896
895
896
1023
1023
1023
1023
1023
1023
1023
1023
1023
0
0
0
0
0
0
0
0
0
128
128
128
128
128
128
128
128
128
256
256
256
256
256
256
256
256
256
384
384
384
384
384
384
384
384
384
512
512
512
512
512
512
512
512
512
640
640
640
640
640
640
640
640
640
768
768
768
768
768
768
768
768
768
896
896
896
896
896
896
896
881
896
1023
1023
1023
1023
1023
1023
1023
1023
1023
0
0
0
0
0
0
0
0
0
128
128
128
128
128
128
128
128
128
256
256
256
256
256
256
256
256
256
384
384
384
384
384
384
384
384
384
512
512
512
512
512
512
512
512
512
640
640
640
640
640
640
640
640
640
768
768
768
768
768
768
768
768
768
896
896
896
896
896
896
896
896
896
1023
1023
1023
1023
1023
1023
1023
1023
1023
