7
0
0
0
0
0
0
0
0
128
128
128
128
128
128
128
128
128
256
256
256
256
256
256
256
256
256
384
384
384
384
384
381
355
384
384
512
512
512
512
512
514
517
512
512
640
640
640
640
640
640
650
650
640
768
768
768
768
768
768
768
774
768
896
896
896
896
896
896
896
896
896
1023
1023
1023
1023
1023
1023
1023
1023
1023
0
0
0
0
0
0
0
0
0
128
139
128
128
128
128
128
128
128
256
256
285
245
256
256
256
256
256
384
384
412
385
384
384
384
384
384
512
512
512
512
515
512
512
512
512
640
640
640
640
719
640
640
640
640
768
768
768
768
768
768
768
768
768
896
896
896
896
896
896
896
896
896
1023
1023
1023
1023
1023
1023
1023
1023
1023
0
0
0
0
0
26
11
0
0
128
128
131
137
128
128
171
128
128
256
256
245
198
253
256
259
256
256
384
384
416
441
355
384
384
384
384
512
512
557
512
512
512
512
512
512
640
640
640
640
710
703
640
640
640
768
768
768
768
768
768
768
768
768
896
896
896
896
896
896
896
896
896
1023
1023
1023
1023
1023
1023
1023
1023
1023
0
0
0
0
0
0
0
0
0
128
126
128
137
128
128
139
128
128
256
256
256
278
256
256
261
256
256
384
384
384
404
384
395
395
384
384
512
512
549
535
512
512
512
512
512
640
640
640
640
640
640
640
640
640
768
768
768
768
768
768
768
768
768
896
896
896
896
896
896
896
896
896
1023
1023
1023
1023
1023
1023
1023
1023
1023
0
0
0
0
0
0
0
0
0
128
125
128
128
128
128
131
128
128
256
209
240
256
256
256
298
256
256
384
392
392
443
384
384
395
384
384
512
512
512
512
517
512
616
512
512
640
640
640
640
640
640
640
640
640
768
768
768
768
768
768
768
768
768
896
896
896
896
896
896
896
896
896
1023
1023
1023
1023
1023
1023
1023
1023
1023
0
0
0
0
0
0
0
0
0
128
128
128
128
128
128
128
128
128
256
256
248
256
256
256
256
261
256
384
465
420
362
428
384
384
384
384
512
512
581
583
603
512
512
512
512
640
640
640
787
640
661
641
640
640
768
768
768
768
768
768
768
768
768
896
896
896
896
896
896
896
896
896
1023
1023
1023
1023
1023
1023
1023
1023
1023
0
0
0
0
0
0
0
0
0
128
128
128
128
128
128
128
128
128
256
256
256
256
256
256
256
256
256
384
384
384
384
384
384
384
384
384
512
512
512
512
514
524
512
512
512
640
640
640
651
646
640
641
640
640
768
768
768
768
804
768
784
768
768
896
896
896
896
896
896
895
896
896
1023
1023
1023
1023
1023
1023
1023
1023
1023
0
0
0
0
0
0
0
0
0
128
128
128
128
128
128
128
128
128
256
256
256
256
256
256
256
256
256
384
384
384
384
384
384
384
384
384
512
512
512
512
512
512
512
512
512
640
640
640
640
640
640
640
640
640
768
768
768
768
768
768
768
768
768
896
896
896
896
896
896
896
882
896
1023
1023
1023
1023
1023
1023
1023
1023
1023
0
0
0
0
0
0
0
0
0
128
128
128
128
128
128
128
128
128
256
256
256
256
256
256
256
256
256
384
384
384
384
384
384
384
384
384
512
512
512
512
512
512
512
512
512
640
640
640
640
640
640
640
640
640
768
768
768
768
768
768
768
768
768
896
896
896
896
896
896
896
896
896
1023
1023
1023
1023
1023
1023
1023
1023
1023
