0
128
256
384
512
640
768
896
1023
0
128
256
384
512
640
768
896
1023
0
128
256
384
512
640
768
896
1023
0
128
256
384
512
644
808
896
1023
0
128
256
384
512
642
788
896
1023
0
128
256
384
512
640
716
819
1023
0
128
256
384
512
640
768
847
1023
0
128
256
384
512
640
768
896
1023
0
128
256
384
512
640
768
896
1023
0
128
256
384
512
640
768
896
1023
0
120
256
384
512
640
768
896
1023
0
128
233
384
512
640
768
896
1023
0
128
235
383
512
640
768
896
1023
0
128
256
384
512
640
768
896
1023
0
128
256
384
507
640
768
896
1023
0
128
256
384
512
640
768
896
1023
0
128
256
384
512
640
768
896
1023
0
128
256
384
512
640
768
896
1023
0
128
256
384
512
605
753
896
1023
0
128
248
361
512
640
709
896
1023
0
128
228
386
512
640
778
896
1023
0
128
171
342
513
640
768
896
1023
0
128
140
384
512
640
768
896
1023
0
128
256
384
508
636
768
896
1023
0
128
256
384
512
640
768
896
1023
0
128
256
384
512
640
768
896
1023
0
128
256
384
512
640
768
896
1023
0
128
256
384
512
640
768
896
1023
0
126
256
361
512
640
753
896
1023
0
128
256
327
512
640
783
896
1023
0
128
256
397
512
648
776
897
1023
0
128
159
321
512
640
768
896
1023
0
128
256
384
512
640
768
896
1023
0
128
256
384
512
640
768
896
1023
0
128
256
384
512
640
768
896
1023
0
128
256
384
512
640
768
896
1023
0
128
256
384
512
640
768
896
1023
0
125
256
384
512
640
766
896
1023
0
65
226
384
512
640
738
896
1023
0
125
259
402
512
640
775
896
1023
0
128
256
384
517
640
838
896
1023
0
128
256
384
512
640
768
896
1023
0
128
256
384
512
640
768
896
1023
0
128
256
384
512
640
768
896
1023
0
128
256
384
512
640
768
896
1023
0
128
256
384
512
640
768
896
1023
0
128
256
384
512
640
768
896
1023
0
128
229
384
512
640
768
892
1023
0
93
186
300
534
640
768
896
1023
0
128
226
406
558
640
768
896
1023
0
128
256
442
512
651
769
896
1023
0
128
256
384
512
640
768
896
1023
0
128
256
384
512
640
768
896
1023
0
128
256
384
512
640
768
896
1023
0
128
256
384
512
640
768
896
1023
0
128
256
384
512
640
768
896
1023
0
128
256
384
512
640
768
896
1023
0
128
256
384
512
640
768
896
1023
0
128
256
384
513
646
768
896
1023
0
128
256
388
514
640
769
896
1023
0
128
256
384
526
640
775
896
1023
0
128
256
384
512
640
768
896
1023
0
128
256
384
512
640
768
896
1023
0
128
256
384
512
640
768
896
1023
0
128
256
384
512
640
768
896
1023
0
128
256
384
512
640
768
896
1023
0
128
256
384
512
640
768
896
1023
0
128
256
384
512
640
768
896
1023
0
128
256
384
512
640
768
896
1023
0
128
256
384
512
640
768
896
1023
0
128
256
384
512
640
768
891
1023
0
128
256
384
512
640
768
896
1023
0
128
256
384
512
640
768
896
1023
0
128
256
384
512
640
768
896
1023
0
128
256
384
512
640
768
896
1023
0
128
256
384
512
640
768
896
1023
0
128
256
384
512
640
768
896
1023
0
128
256
384
512
640
768
896
1023
0
128
256
384
512
640
768
896
1023
0
128
256
384
512
640
768
896
1023
0
128
256
384
512
640
768
896
1023
