3
2
0
0
0
0
0
0
0
0
0
0
0
0
0
0
0
0
0
0
0
0
0
0
0
0
0
0
0
0
0
0
0
0
0
0
0
0
0
0
0
0
0
0
0
0
0
0
0
0
0
51
18
0
0
0
0
0
0
0
0
54
0
0
0
0
0
0
0
0
0
0
0
0
0
0
0
0
0
0
0
128
128
128
128
128
91
120
128
128
128
137
128
128
128
128
124
128
128
128
128
128
123
128
128
128
128
128
128
124
86
128
128
128
124
128
128
128
128
128
128
128
128
127
126
128
128
128
128
128
93
127
128
128
128
128
128
128
128
128
128
128
128
128
128
128
128
128
128
128
128
128
128
128
128
128
128
128
128
128
128
128
256
256
256
256
256
256
256
256
256
256
256
261
258
256
256
221
256
256
256
256
255
180
246
256
253
256
256
256
256
252
209
202
256
256
256
256
256
256
195
254
256
256
256
256
256
256
256
256
256
256
254
256
256
256
256
256
256
256
256
248
256
256
256
256
256
256
256
256
256
256
256
256
256
256
256
256
256
256
256
256
256
384
384
384
384
384
384
384
384
384
384
384
384
402
384
384
384
384
384
384
384
384
424
384
384
379
383
384
384
384
384
399
384
384
385
384
384
384
384
384
384
384
384
401
384
384
384
384
384
384
384
384
384
384
384
384
384
384
384
384
384
384
384
384
384
384
384
384
384
384
384
384
384
384
384
384
384
384
384
384
384
384
512
512
512
512
512
512
512
512
512
512
516
512
512
512
512
514
512
512
512
534
515
512
512
512
561
512
512
512
561
512
533
512
512
512
512
512
512
512
512
512
518
512
553
515
512
512
512
512
512
512
512
512
512
512
512
512
512
512
512
512
512
512
512
512
512
512
512
512
512
512
512
512
512
512
512
512
512
512
512
512
512
640
640
640
640
640
640
640
640
640
640
640
640
640
640
640
640
640
640
640
640
665
640
640
640
645
640
640
640
703
688
697
659
640
640
640
640
640
646
713
710
732
640
640
640
640
640
640
640
750
640
655
640
640
640
640
640
640
699
640
640
640
640
640
640
640
640
640
640
640
640
640
640
640
640
640
640
640
640
640
640
640
768
768
768
768
768
768
768
768
768
768
768
768
768
768
768
768
768
768
768
768
768
768
768
768
768
768
768
768
768
768
793
768
768
768
768
768
768
768
768
768
800
796
768
768
768
768
768
768
768
768
770
768
768
768
768
768
768
770
810
770
779
768
768
768
768
768
768
768
768
768
768
768
768
768
768
768
768
768
768
768
768
896
896
896
896
896
896
896
896
896
896
896
896
896
896
896
896
896
896
896
896
896
896
896
896
896
896
896
896
896
896
896
896
896
896
896
896
896
896
896
896
896
896
896
896
896
896
896
896
896
896
896
896
896
896
896
896
896
896
896
896
896
896
896
896
896
896
896
896
896
896
890
896
896
896
896
896
896
896
896
896
896
1023
1023
1023
1023
1023
1023
1023
1023
1023
1023
1023
1023
1023
1023
1023
1023
1023
1023
1023
1023
1023
1023
1023
1023
1023
1023
1023
1023
1023
1023
1023
1023
1023
1023
1023
1023
1023
1023
1023
1023
1023
1023
1023
1023
1023
1023
1023
1023
1023
1023
1023
1023
1023
1023
1023
1023
1023
1023
1023
1023
1023
1023
1023
1023
1023
1023
1023
1023
1023
1023
1023
1023
1023
1023
1023
1023
1023
1023
1023
1023
1023
