0
124
256
384
512
640
768
896
1023
0
128
256
384
512
640
768
896
1023
0
128
256
384
512
640
768
896
1023
0
128
256
384
512
640
789
896
1023
0
128
256
384
512
642
787
896
1023
0
128
256
384
512
640
721
881
1023
0
128
256
384
512
640
768
849
1023
0
128
256
384
512
640
768
896
1023
0
128
256
384
512
640
768
896
1023
0
128
256
384
512
612
762
896
1023
0
100
256
384
512
640
765
896
1023
0
128
256
383
512
640
768
896
1023
0
123
217
384
512
640
772
896
1023
0
128
256
384
512
640
769
898
1023
0
128
256
384
514
640
768
896
1023
0
128
256
384
512
640
768
896
1023
0
128
256
384
512
640
768
896
1023
0
128
256
384
512
640
768
896
1023
0
128
256
384
512
640
768
896
1023
0
128
249
382
512
640
741
896
1023
0
128
243
368
510
640
772
896
1023
0
128
252
343
501
640
768
896
1023
0
128
177
382
512
640
768
896
1023
0
128
256
384
512
640
768
896
1023
0
128
256
384
512
640
768
896
1023
0
128
256
384
512
640
768
896
1023
0
128
256
384
512
640
768
896
1023
0
128
256
384
512
640
768
896
1023
0
128
256
360
512
640
768
896
1023
0
128
256
331
512
640
775
897
1023
0
128
256
394
512
640
770
897
1023
0
128
256
384
512
640
788
896
1023
0
128
256
384
512
640
768
896
1023
0
128
256
384
512
640
768
896
1023
0
128
256
384
512
640
768
896
1023
0
128
256
384
512
640
768
896
1023
0
128
256
384
512
640
768
896
1023
0
117
256
384
512
640
768
896
1023
0
59
248
384
512
640
754
896
1023
0
113
256
389
512
640
768
896
1023
0
128
256
384
520
640
818
900
1023
0
128
256
384
512
640
768
896
1023
0
128
256
384
512
640
768
896
1023
0
128
256
384
512
640
768
896
1023
0
128
256
384
512
640
768
896
1023
0
128
256
384
512
640
768
896
1023
0
128
256
384
512
640
768
896
1023
0
128
205
384
512
640
767
896
1023
0
109
170
303
520
640
768
896
1023
0
127
234
399
549
640
768
896
1023
0
128
256
446
512
664
768
896
1023
0
128
256
416
512
640
768
896
1023
0
128
256
384
512
640
768
896
1023
0
128
256
384
512
640
768
896
1023
0
128
256
384
512
640
768
896
1023
0
128
256
384
512
640
768
896
1023
0
128
256
384
512
640
768
896
1023
0
128
256
337
512
640
768
896
1023
0
128
256
384
525
651
768
896
1023
0
128
256
384
512
643
768
896
1023
0
128
256
385
535
643
786
895
1023
0
128
256
384
512
640
768
896
1023
0
128
256
384
512
640
768
896
1023
0
128
256
384
512
640
768
896
1023
0
128
256
384
512
640
768
896
1023
0
128
256
384
512
640
768
896
1023
0
128
256
384
512
640
768
896
1023
0
128
256
384
512
640
768
896
1023
0
128
256
384
512
640
768
896
1023
0
128
256
384
512
640
768
896
1023
0
128
256
384
512
640
768
882
1023
0
128
256
384
512
640
768
896
1023
0
128
256
384
512
640
768
896
1023
0
128
256
384
512
640
768
896
1023
0
128
256
384
512
640
768
896
1023
0
128
256
384
512
640
768
896
1023
0
128
256
384
512
640
768
896
1023
0
128
256
384
512
640
768
896
1023
0
128
256
384
512
640
768
896
1023
0
128
256
384
512
640
768
896
1023
0
128
256
384
512
640
768
896
1023
