0
0
0
0
0
0
0
0
0
0
0
0
0
0
0
0
0
0
0
0
0
0
0
0
0
0
0
0
0
0
0
0
0
34
3
0
0
0
0
0
0
0
5
6
0
0
0
0
0
0
0
65
12
0
0
0
0
0
0
0
0
25
0
0
0
0
0
0
0
0
0
0
0
0
0
0
0
0
0
0
0
128
128
128
128
128
128
128
128
128
126
114
128
128
128
128
128
128
128
128
128
114
128
128
128
128
128
128
128
128
107
128
128
128
128
128
128
128
128
128
128
128
128
128
128
128
128
128
128
128
67
128
128
128
128
128
128
128
128
128
128
128
128
128
128
128
128
128
128
128
128
128
128
128
128
128
128
128
128
128
128
128
256
256
256
256
256
148
256
256
256
256
255
256
256
256
192
127
256
256
256
256
242
124
241
256
271
256
256
256
256
154
200
239
256
256
256
256
256
256
184
256
256
256
256
256
256
256
256
256
256
125
209
256
256
256
256
256
256
256
256
216
256
256
256
256
256
256
256
256
256
256
256
256
256
256
256
256
256
256
256
256
256
384
384
384
384
384
384
384
384
384
384
384
381
380
384
384
369
384
384
384
384
384
373
384
384
407
389
384
384
384
384
426
283
384
384
384
384
384
384
194
366
384
384
384
384
384
384
384
384
384
384
384
384
384
384
384
384
384
384
384
384
384
384
384
384
384
384
384
384
384
384
384
384
384
384
384
384
384
384
384
384
384
512
512
512
512
512
512
512
512
512
512
510
512
512
512
514
517
512
512
512
490
512
506
512
512
559
512
512
512
512
523
555
512
512
512
512
512
512
512
512
512
551
520
498
511
512
512
512
512
512
512
512
512
512
512
512
512
512
512
512
512
512
512
512
512
512
512
512
512
512
512
512
512
512
512
512
512
512
512
512
512
512
640
640
640
640
640
640
640
640
640
640
640
640
640
640
640
640
640
640
640
639
653
640
640
640
649
640
640
640
646
677
697
695
640
640
640
640
640
641
642
734
730
641
640
639
640
640
640
640
692
640
699
640
640
640
640
640
640
640
640
640
648
640
640
640
640
640
640
640
640
640
640
640
640
640
640
640
640
640
640
640
640
768
768
768
768
768
768
768
768
768
768
768
768
768
768
768
768
768
768
768
768
768
768
768
768
768
768
768
768
768
768
799
768
768
768
768
768
768
768
771
768
812
791
768
768
768
768
768
768
773
768
768
768
768
768
768
768
768
804
792
768
791
768
768
768
768
768
768
768
768
768
768
768
768
768
768
768
768
768
768
768
768
896
896
896
896
896
896
896
896
896
896
896
896
896
896
896
896
896
896
896
896
896
896
896
896
896
896
896
896
896
896
896
896
896
896
896
896
896
896
896
896
896
896
896
896
896
896
896
896
896
896
896
896
896
896
896
896
896
896
896
896
895
896
896
896
896
896
896
896
896
895
872
896
896
896
896
896
896
896
896
896
896
1023
1023
1023
1023
1023
1023
1023
1023
1023
1023
1023
1023
1023
1023
1023
1023
1023
1023
1023
1023
1023
1023
1023
1023
1023
1023
1023
1023
1023
1023
1023
1023
1023
1023
1023
1023
1023
1023
1023
1023
1023
1023
1023
1023
1023
1023
1023
1023
1023
1023
1023
1023
1023
1023
1023
1023
1023
1023
1023
1023
1023
1023
1023
1023
1023
1023
1023
1023
1023
1023
1023
1023
1023
1023
1023
1023
1023
1023
1023
1023
1023
