0
0
0
0
0
0
0
0
0
128
128
128
128
128
128
128
128
128
256
256
256
256
256
256
256
256
256
384
384
384
384
384
384
363
382
384
512
512
512
512
512
512
513
509
512
640
640
640
640
640
640
656
643
640
768
768
768
768
768
768
768
774
768
896
896
896
896
896
896
896
896
896
1023
1023
1023
1023
1023
1023
1023
1023
1023
0
0
0
0
0
0
0
0
0
127
121
128
128
128
128
128
128
128
256
256
265
256
256
256
256
256
256
384
384
397
384
384
384
384
384
384
512
512
512
512
512
512
512
512
512
640
640
640
640
675
640
640
640
640
768
768
768
768
768
768
768
768
768
896
896
896
896
896
896
896
896
896
1023
1023
1023
1023
1023
1023
1023
1023
1023
0
0
0
0
0
20
0
0
0
128
127
128
128
128
140
159
128
128
256
256
250
182
247
256
272
256
256
384
384
418
418
374
384
384
384
384
512
512
528
512
512
512
512
512
512
640
640
640
640
714
666
640
640
640
768
768
768
768
768
790
768
768
768
896
896
896
896
896
896
896
896
896
1023
1023
1023
1023
1023
1023
1023
1023
1023
0
0
0
0
0
0
0
0
0
128
128
126
125
128
128
130
128
128
256
256
256
248
256
256
280
261
256
384
384
384
424
327
384
384
384
384
512
512
558
516
512
512
512
512
512
640
640
640
640
640
640
640
640
640
768
768
768
768
768
768
768
768
768
896
896
896
896
896
896
896
896
896
1023
1023
1023
1023
1023
1023
1023
1023
1023
0
0
0
0
0
0
0
0
0
128
125
128
128
128
131
133
128
128
256
207
256
252
256
256
308
256
256
384
384
394
423
384
384
384
384
384
512
512
512
512
550
520
571
518
512
640
640
640
640
640
640
640
640
640
768
768
768
768
768
768
768
768
768
896
896
896
896
896
896
896
896
896
1023
1023
1023
1023
1023
1023
1023
1023
1023
0
0
0
0
0
0
0
0
0
128
128
128
128
128
128
128
128
128
256
254
223
256
256
256
266
256
256
384
445
378
408
442
384
384
384
384
512
523
533
597
604
513
512
517
512
640
640
640
740
640
677
640
642
640
768
768
768
768
768
768
772
768
768
896
896
896
896
896
896
896
896
896
1023
1023
1023
1023
1023
1023
1023
1023
1023
0
0
0
0
0
0
0
0
0
128
128
128
128
128
128
128
128
128
256
256
256
256
256
256
256
256
256
384
384
384
379
384
384
384
384
384
512
512
543
512
558
537
512
512
512
640
640
640
650
640
640
640
640
640
768
768
768
837
815
768
780
768
768
896
896
896
896
896
896
896
896
896
1023
1023
1023
1023
1023
1023
1023
1023
1023
0
0
0
0
0
0
0
0
0
128
128
128
128
128
128
128
128
128
256
256
256
256
256
256
256
256
256
384
384
384
384
384
384
384
384
384
512
512
512
512
512
512
512
512
512
640
640
640
640
640
640
640
640
640
768
768
768
768
768
768
767
768
768
896
896
896
896
896
896
895
881
896
1023
1023
1023
1023
1023
1023
1023
1023
1023
0
0
0
0
0
0
0
0
0
128
128
128
128
128
128
128
128
128
256
256
256
256
256
256
256
256
256
384
384
384
384
384
384
384
384
384
512
512
512
512
512
512
512
512
512
640
640
640
640
640
640
640
640
640
768
768
768
768
768
768
768
768
768
896
896
896
896
896
896
896
896
896
1023
1023
1023
1023
1023
1023
1023
1023
1023
