0
128
256
384
512
640
768
896
1023
0
128
256
384
512
640
768
896
1023
0
128
256
384
512
640
768
896
1023
0
128
256
384
512
640
756
896
1023
0
128
256
384
512
640
763
896
1023
0
128
256
384
512
640
747
896
1023
0
128
256
384
512
640
767
887
1023
0
128
256
384
512
640
768
896
1023
0
128
256
384
512
640
768
896
1023
0
128
256
384
512
652
768
896
1023
0
102
256
384
512
656
768
896
1023
0
128
253
384
512
640
768
896
1023
0
120
231
384
512
640
768
893
1023
0
114
256
384
512
640
768
894
1023
0
128
256
384
541
640
768
896
1023
0
128
256
384
514
640
768
896
1023
0
128
256
384
512
640
768
896
1023
0
128
256
384
512
640
768
896
1023
0
128
256
384
512
640
768
896
1023
0
128
250
384
512
640
780
896
1023
0
128
230
361
510
640
778
896
1023
0
128
242
348
494
640
768
896
1023
0
125
206
384
512
640
768
896
1023
0
128
256
384
512
640
768
896
1023
0
128
256
384
514
642
768
896
1023
0
128
256
384
512
640
768
896
1023
0
128
256
384
512
640
768
896
1023
0
128
256
384
512
640
768
896
1023
0
128
251
381
512
640
768
896
1023
0
128
257
371
512
640
784
897
1023
0
128
256
402
510
640
768
896
1023
0
128
256
384
512
640
777
896
1023
0
128
256
384
512
640
768
896
1023
0
128
256
384
512
640
768
896
1023
0
128
256
384
512
640
768
896
1023
0
128
256
384
512
640
768
896
1023
0
128
256
384
512
640
768
896
1023
0
88
256
384
512
648
768
896
1023
0
42
233
384
512
643
793
896
1023
0
145
258
392
512
640
768
896
1023
0
128
256
384
538
640
795
896
1023
0
128
256
384
512
640
772
907
1023
0
128
256
384
512
640
768
896
1023
0
128
256
384
512
640
768
896
1023
0
128
256
384
512
640
768
896
1023
0
128
256
384
512
640
768
896
1023
0
128
256
384
512
640
768
896
1023
0
128
180
384
512
640
769
896
1023
0
139
210
367
543
640
768
896
1023
0
153
259
413
558
641
768
896
1023
0
128
266
425
512
689
768
896
1023
0
128
256
490
512
649
768
896
1023
0
128
256
384
512
640
768
896
1023
0
128
256
384
512
640
768
896
1023
0
128
256
384
512
640
768
896
1023
0
128
256
384
512
640
768
896
1023
0
128
256
384
512
640
768
896
1023
0
128
256
368
512
640
768
896
1023
0
128
256
384
552
644
768
896
1023
0
128
256
384
512
640
768
896
1023
0
128
256
410
512
646
791
895
1023
0
128
256
384
512
640
768
896
1023
0
128
256
384
512
640
768
896
1023
0
128
256
384
512
640
768
896
1023
0
128
256
384
512
640
768
896
1023
0
128
256
384
512
640
768
896
1023
0
128
256
384
512
640
768
896
1023
0
128
256
384
512
640
768
896
1023
0
128
256
384
512
640
768
896
1023
0
128
256
384
512
640
768
896
1023
0
128
256
384
512
640
768
873
1023
0
128
256
384
512
640
768
896
1023
0
128
256
384
512
640
768
896
1023
0
128
256
384
512
640
768
896
1023
0
128
256
384
512
640
768
896
1023
0
128
256
384
512
640
768
896
1023
0
128
256
384
512
640
768
896
1023
0
128
256
384
512
640
768
896
1023
0
128
256
384
512
640
768
896
1023
0
128
256
384
512
640
768
896
1023
0
128
256
384
512
640
768
896
1023
