0
16
32
48
64
80
96
112
128
144
160
176
192
208
224
240
256
272
288
304
320
336
352
368
384
400
416
432
448
464
480
496
512
528
544
560
576
592
608
624
640
656
672
688
704
720
736
752
768
784
800
816
832
848
864
880
896
912
928
944
960
976
992
1008
1024
1056
1088
1120
1152
1184
1216
1248
1280
1312
1344
1376
1408
1440
1472
1504
1536
1568
1600
1632
1664
1696
1728
1760
1792
1824
1856
1888
1920
1952
1984
2016
2048
2112
2176
2240
2304
2368
2432
2496
2560
2624
2688
2752
2816
2880
2944
3008
3072
3136
3200
3264
3328
3392
3456
3520
3584
3648
3712
3776
3840
3904
3968
4032
4096
4160
4224
4288
4352
4416
4480
4544
4608
4672
4736
4800
4864
4928
4992
5056
5120
5184
5248
5312
5376
5440
5504
5568
5632
5696
5760
5824
5888
5952
6016
6080
6144
6208
6272
6336
6400
6464
6528
6592
6656
6720
6784
6848
6912
6976
7040
7104
7168
7232
7296
7360
7424
7488
7552
7616
7680
7744
7808
7872
7936
8000
8064
8128
8192
8256
8320
8384
8448
8512
8576
8640
8704
8768
8832
8896
8960
9024
9088
9152
9216
9280
9344
9408
9472
9536
9600
9664
9728
9792
9856
9920
9984
10048
10112
10176
10240
10304
10368
10432
10496
10560
10624
10688
10752
10816
10880
10944
11008
11072
11136
11200
11264
11328
11392
11456
11520
11584
11648
11712
11776
11840
11904
11968
12032
12096
12160
12224
12288
12352
12416
12480
12544
12608
12672
12736
12800
12864
12928
12992
13056
13120
13184
13248
13312
13376
13440
13504
13568
13632
13696
13760
13824
13888
13952
14016
14080
14144
14208
14272
14336
14400
14464
14528
14592
14656
14720
14784
14848
14912
14976
15040
15104
15168
15232
15296
15360
15424
15488
15552
15616
15680
15744
15808
15872
15936
16000
16064
16128
16192
16256
16320
16384
16640
16896
17152
17408
17664
17920
18176
18432
18688
18944
19200
19456
19712
19968
20224
20480
20736
20992
21248
21504
21760
22016
22272
22528
22784
23040
23296
23552
23808
24064
24320
24576
24832
25088
25344
25600
25856
26112
26368
26624
26880
27136
27392
27648
27904
28160
28416
28672
28928
29184
29440
29696
29952
30208
30464
30720
30976
31232
31488
31744
32000
32256
32512
32768
33024
33280
33536
33792
34048
34304
34560
34816
35072
35328
35584
35840
36096
36352
36608
36864
37120
37376
37632
37888
38144
38400
38656
38912
39168
39424
39680
39936
40192
40448
40704
40960
41216
41472
41728
41984
42240
42496
42752
43008
43264
43520
43776
44032
44288
44544
44800
45056
45312
45568
45824
46080
46336
46592
46848
47104
47360
47616
47872
48128
48384
48640
48896
49152
49408
49664
49920
50176
50432
50688
50944
51200
51456
51712
51968
52224
52480
52736
52992
53248
53504
53760
54016
54272
54528
54784
55040
55296
55552
55808
56064
56320
56576
56832
57088
57344
57600
57856
58112
58368
58624
58880
59136
59392
59648
59904
60160
60416
60672
60928
61184
61440
61696
61952
62208
62464
62720
62976
63232
63488
63744
64000
64256
64512
64768
65024
65280
65535
