0
7
12
16
20
23
26
29
32
35
37
40
42
45
47
50
52
54
56
59
61
63
65
67
69
71
73
75
77
79
81
83
84
86
88
90
92
93
95
97
99
100
102
104
106
107
109
110
112
114
115
117
119
120
122
123
125
126
128
130
131
133
134
136
137
139
140
142
143
145
146
147
149
150
152
153
155
156
158
159
160
162
163
165
166
167
169
170
171
173
174
175
177
178
180
181
182
183
185
186
187
189
190
191
193
194
195
197
198
199
200
202
203
204
205
207
208
209
210
212
213
214
215
217
218
219
220
222
223
225
228
230
232
235
237
240
242
244
247
249
251
254
256
258
260
263
265
267
270
272
274
276
278
281
283
285
287
289
292
294
296
298
300
302
305
307
309
311
313
315
317
319
321
323
326
328
330
332
334
336
338
340
342
344
346
348
350
352
354
356
358
360
362
364
366
368
370
372
374
376
378
380
382
383
385
387
389
391
393
395
397
399
401
403
404
406
408
410
412
414
416
418
419
421
423
425
427
429
431
432
434
436
438
440
441
443
445
447
449
451
452
454
456
458
460
461
463
465
467
468
470
472
474
475
477
479
481
482
484
486
488
489
491
493
495
496
498
500
502
503
505
507
508
510
512
514
515
517
519
520
522
524
525
527
529
530
532
534
536
537
539
541
542
544
546
547
549
550
552
554
555
557
559
560
562
564
565
567
569
570
572
573
575
577
578
580
582
583
585
586
588
613
639
663
687
711
735
758
781
804
826
848
870
892
913
934
955
976
997
1017
1037
1057
1077
1097
1117
1136
1155
1175
1194
1213
1231
1250
1269
1287
1305
1324
1342
1360
1378
1396
1413
1431
1448
1466
1483
1500
1518
1535
1552
1569
1586
1602
1619
1636
1652
1669
1685
1701
1718
1734
1750
1766
1782
1798
1814
1830
1846
1861
1877
1893
1908
1924
1939
1955
1970
1985
2001
2016
2031
2046
2061
2076
2091
2106
2121
2136
2150
2165
2180
2194
2209
2224
2238
2253
2267
2281
2296
2310
2324
2339
2353
2367
2381
2395
2409
2423
2437
2451
2465
2479
2493
2507
2521
2543
2565
2587
2609
2630
2652
2673
2695
2716
2738
2759
2780
2801
2822
2844
2864
2885
2906
2927
2948
2968
2989
3009
3030
3050
3070
3091
3111
3131
3151
3171
3191
3211
3231
3251
3271
3290
3310
3330
3349
3369
3388
3408
3427
3447
3466
3485
3504
3523
3543
3562
3581
3600
3619
3637
3656
3675
3694
3713
3731
3750
3769
3787
3806
3824
3843
3861
3879
3898
3916
3934
3953
3971
3989
4007
4025
4043
4061
4079
4095