0
128
256
384
517
642
768
896
1023
0
128
256
384
512
640
768
896
1023
0
128
256
384
512
640
768
896
1023
0
128
256
384
512
640
707
833
1023
0
128
256
384
512
660
807
896
1023
0
128
256
384
512
640
751
896
1023
0
128
256
384
512
640
768
885
1023
0
128
256
384
512
640
768
896
1023
0
128
256
384
512
640
768
896
1023
0
128
256
384
512
689
768
896
1023
0
121
256
384
512
687
768
896
1023
0
128
256
384
512
640
768
896
1023
0
128
256
384
512
640
768
836
1023
0
107
256
384
512
640
768
865
1023
0
128
256
384
545
640
768
896
1023
0
128
256
384
512
640
768
896
1023
0
128
256
384
512
640
768
896
1023
0
128
256
384
512
640
768
896
1023
0
128
256
384
512
640
768
896
1023
0
128
256
384
512
640
765
896
1023
0
128
236
344
480
640
751
896
1023
0
128
211
320
451
640
768
896
1023
0
122
216
296
512
640
768
896
1023
0
128
254
384
513
640
768
896
1023
0
128
256
384
515
640
768
896
1023
0
128
256
384
512
640
768
896
1023
0
128
256
384
512
640
768
896
1023
0
128
256
384
512
640
768
896
1023
0
128
255
384
512
652
768
896
1023
0
128
255
383
512
640
743
872
1023
0
128
256
372
457
640
768
896
1023
0
128
256
327
512
640
768
896
1023
0
128
256
384
512
640
768
896
1023
0
128
256
384
512
640
768
896
1023
0
128
256
384
512
640
768
896
1023
0
128
256
384
512
640
768
896
1023
0
128
256
384
512
640
768
896
1023
0
86
256
384
512
693
768
896
1023
0
37
222
384
512
706
835
896
1023
0
139
256
384
511
640
768
896
1023
0
128
256
384
522
640
757
835
1023
0
128
256
384
512
640
768
856
1023
0
128
256
384
512
640
768
896
1023
0
128
256
384
512
640
768
896
1023
0
128
256
384
512
640
768
896
1023
0
128
256
384
512
640
768
896
1023
0
128
256
384
512
640
768
896
1023
0
128
203
384
512
640
768
896
1023
0
136
189
376
512
640
768
896
1023
0
133
260
304
536
643
768
896
1023
0
128
256
447
512
670
768
815
1023
0
128
256
420
512
640
768
896
1023
0
128
256
384
512
640
768
896
1023
0
128
256
384
512
640
768
896
1023
0
128
256
384
512
640
768
896
1023
0
128
256
384
512
640
768
896
1023
0
128
256
384
512
640
768
896
1023
0
128
256
307
512
640
768
896
1023
0
128
256
384
512
664
768
896
1023
0
128
256
384
491
647
775
896
1023
0
128
256
405
541
640
784
896
1023
0
128
256
384
512
640
767
896
1023
0
128
256
384
512
640
768
896
1023
0
128
256
384
512
640
768
896
1023
0
128
256
384
512
640
768
896
1023
0
128
256
384
512
640
768
896
1023
0
128
256
384
512
640
768
896
1023
0
128
256
384
512
640
768
896
1023
0
128
256
384
512
640
768
896
1023
0
128
256
384
512
640
768
896
1023
0
128
256
384
512
640
768
885
1023
0
128
256
384
512
640
768
896
1023
0
128
256
384
512
640
768
896
1023
0
128
256
384
512
640
768
896
1023
0
128
256
384
512
640
768
896
1023
0
128
256
384
512
640
768
896
1023
0
128
256
384
512
640
768
896
1023
0
128
256
384
512
640
768
896
1023
0
128
256
384
512
640
768
896
1023
0
128
256
384
512
640
768
896
1023
0
128
256
384
512
640
768
896
1023
