3
0
0
0
0
0
0
0
0
0
2
0
0
0
0
0
0
0
0
0
0
0
0
0
0
0
0
0
0
0
0
0
0
0
0
0
0
0
0
0
0
0
8
0
0
0
0
0
0
0
0
61
1
0
0
0
0
0
0
0
2
29
0
0
0
0
0
0
0
0
0
0
0
0
0
0
0
0
0
0
0
128
128
128
128
128
136
128
128
128
128
137
128
128
128
140
131
128
128
128
128
128
128
128
128
128
128
128
128
124
108
128
128
128
128
102
128
128
116
123
128
128
128
128
112
128
128
128
128
128
103
128
128
128
128
128
128
128
128
125
127
128
128
128
128
128
128
128
128
128
128
128
128
128
128
128
128
128
128
128
128
128
256
256
256
256
256
256
256
256
256
256
256
256
256
256
256
257
256
256
256
256
255
157
214
256
252
256
256
256
256
209
140
151
256
256
256
256
256
256
216
207
256
256
256
256
256
256
256
256
256
256
256
256
256
256
256
256
256
256
256
251
256
256
256
256
256
256
256
256
256
256
256
256
256
256
256
256
256
256
256
256
256
384
384
384
384
384
384
384
384
384
384
384
391
389
384
384
384
384
384
384
384
384
403
384
384
378
382
384
384
384
384
392
328
384
384
384
384
384
384
384
384
384
384
384
384
384
384
384
384
384
384
384
384
384
384
384
384
384
384
384
384
384
384
384
384
384
384
384
384
384
384
384
384
384
384
384
384
384
384
384
384
384
512
512
512
512
512
512
512
512
512
512
519
512
512
512
528
512
512
512
512
524
516
513
512
517
569
512
512
512
563
512
513
512
512
512
512
512
512
512
512
512
537
512
498
512
512
512
512
512
512
512
512
506
492
512
512
512
512
512
512
512
512
512
512
512
512
512
512
512
512
512
512
512
512
512
512
512
512
512
512
512
512
640
640
640
640
640
640
640
640
640
640
640
640
640
640
640
640
640
640
640
640
661
640
640
640
648
640
640
640
662
661
650
640
640
640
640
640
640
715
696
658
661
644
640
640
640
640
640
640
640
640
683
640
634
640
640
640
640
712
640
645
640
640
640
640
640
640
640
640
640
640
640
640
640
640
640
640
640
640
640
640
640
768
768
768
768
768
768
768
768
768
768
768
768
768
768
768
768
768
768
768
768
768
768
768
768
768
768
768
768
768
768
795
768
768
768
768
768
768
768
768
768
791
786
768
768
768
768
768
768
768
768
772
768
768
768
768
768
768
792
793
775
790
767
768
768
768
768
768
782
768
768
767
768
768
768
768
768
768
768
768
768
768
896
896
896
896
896
896
896
896
896
896
896
896
896
896
896
896
896
896
896
896
896
896
896
896
896
896
896
896
896
896
896
896
896
896
896
896
896
896
896
896
896
896
896
896
896
896
896
896
896
896
896
896
896
896
896
896
896
896
896
896
896
896
896
896
896
896
896
896
896
896
883
896
896
896
896
896
896
896
896
896
896
1023
1023
1023
1023
1023
1023
1023
1023
1023
1023
1023
1023
1023
1023
1023
1023
1023
1023
1023
1023
1023
1023
1023
1023
1023
1023
1023
1023
1023
1023
1023
1023
1023
1023
1023
1023
1023
1023
1023
1023
1023
1023
1023
1023
1023
1023
1023
1023
1023
1023
1023
1023
1023
1023
1023
1023
1023
1023
1023
1023
1023
1023
1023
1023
1023
1023
1023
1023
1023
1023
1023
1023
1023
1023
1023
1023
1023
1023
1023
1023
1023
