0,         17,         
17,         18,         
35,         17,         
52,         18,         
70,         17,         
87,         16,         
103,         14,         
117,         12,         
129,         11,         
140,         9,         
149,         9,         
158,         9,         
167,         8,         
175,         7,         
182,         8,         
190,         6,         
196,         7,         
203,         6,         
209,         6,         
215,         6,         
221,         6,         
227,         6,         
233,         5,         
238,         5,         
243,         5,         
248,         5,         
253,         5,         
258,         5,         
263,         5,         
268,         4,         
272,         5,         
277,         4,         
281,         5,         
286,         4,         
290,         4,         
294,         4,         
298,         4,         
302,         4,         
306,         4,         
310,         4,         
314,         4,         
318,         3,         
321,         4,         
325,         4,         
329,         3,         
332,         4,         
336,         3,         
339,         4,         
343,         3,         
346,         3,         
349,         4,         
353,         3,         
356,         3,         
359,         3,         
362,         4,         
366,         3,         
369,         3,         
372,         3,         
375,         3,         
378,         3,         
381,         3,         
384,         3,         
387,         3,         
390,         3,         
393,         3,         
396,         3,         
399,         3,         
402,         2,         
404,         3,         
407,         3,         
410,         3,         
413,         2,         
415,         3,         
418,         3,         
421,         2,         
423,         3,         
426,         3,         
429,         2,         
431,         3,         
434,         2,         
436,         3,         
439,         3,         
442,         2,         
444,         3,         
447,         2,         
449,         2,         
451,         3,         
454,         2,         
456,         3,         
459,         2,         
461,         3,         
464,         2,         
466,         2,         
468,         3,         
471,         2,         
473,         2,         
475,         3,         
478,         2,         
480,         2,         
482,         2,         
484,         3,         
487,         2,         
489,         2,         
491,         2,         
493,         2,         
495,         3,         
498,         2,         
500,         2,         
502,         2,         
504,         2,         
506,         2,         
508,         3,         
511,         2,         
513,         2,         
515,         2,         
517,         2,         
519,         2,         
521,         2,         
523,         2,         
525,         2,         
527,         2,         
529,         2,         
531,         2,         
533,         2,         
535,         2,         
537,         2,         
539,         2,         
541,         2,         
543,         2,         
545,         2,         
547,         2,         
549,         2,         
551,         2,         
553,         2,         
555,         2,         
557,         2,         
559,         1,         
560,         2,         
562,         2,         
564,         2,         
566,         2,         
568,         2,         
570,         2,         
572,         1,         
573,         2,         
575,         2,         
577,         2,         
579,         2,         
581,         2,         
583,         1,         
584,         2,         
586,         2,         
588,         2,         
590,         1,         
591,         2,         
593,         2,         
595,         2,         
597,         1,         
598,         2,         
600,         2,         
602,         2,         
604,         1,         
605,         2,         
607,         2,         
609,         2,         
611,         1,         
612,         2,         
614,         2,         
616,         1,         
617,         2,         
619,         2,         
621,         1,         
622,         2,         
624,         2,         
626,         1,         
627,         2,         
629,         2,         
631,         1,         
632,         2,         
634,         1,         
635,         2,         
637,         2,         
639,         1,         
640,         2,         
642,         1,         
643,         2,         
645,         2,         
647,         1,         
648,         2,         
650,         1,         
651,         2,         
653,         2,         
655,         1,         
656,         2,         
658,         1,         
659,         2,         
661,         1,         
662,         2,         
664,         1,         
665,         2,         
667,         1,         
668,         2,         
670,         1,         
671,         2,         
673,         1,         
674,         2,         
676,         1,         
677,         2,         
679,         1,         
680,         2,         
682,         1,         
683,         2,         
685,         1,         
686,         2,         
688,         1,         
689,         2,         
691,         1,         
692,         2,         
694,         1,         
695,         2,         
697,         1,         
698,         2,         
700,         1,         
701,         1,         
702,         2,         
704,         1,         
705,         2,         
707,         1,         
708,         2,         
710,         1,         
711,         1,         
712,         2,         
714,         1,         
715,         2,         
717,         1,         
718,         1,         
719,         2,         
721,         1,         
722,         2,         
724,         1,         
725,         1,         
726,         2,         
728,         1,         
729,         1,         
730,         2,         
732,         1,         
733,         2,         
735,         1,         
736,         1,         
737,         2,         
739,         1,         
740,         1,         
741,         2,         
743,         1,         
744,         1,         
745,         2,         
747,         1,         
748,         1,         
749,         2,         
751,         1,         
752,         1,         
753,         2,         
755,         1,         
756,         1,         
757,         2,         
759,         1,         
760,         1,         
761,         1,         
762,         2,         
764,         1,         
765,         1,         
766,         2,         
768,         1,         
769,         1,         
770,         2,         
772,         1,         
773,         1,         
774,         1,         
775,         2,         
777,         1,         
778,         1,         
779,         1,         
780,         2,         
782,         1,         
783,         1,         
784,         1,         
785,         2,         
787,         1,         
788,         1,         
789,         1,         
790,         2,         
792,         1,         
793,         1,         
794,         1,         
795,         2,         
797,         1,         
798,         1,         
799,         1,         
800,         2,         
802,         1,         
803,         1,         
804,         1,         
805,         1,         
806,         2,         
808,         1,         
809,         1,         
810,         1,         
811,         1,         
812,         2,         
814,         1,         
815,         1,         
816,         1,         
817,         1,         
818,         2,         
820,         1,         
821,         1,         
822,         1,         
823,         1,         
824,         2,         
826,         1,         
827,         1,         
828,         1,         
829,         1,         
830,         1,         
831,         2,         
833,         1,         
834,         1,         
835,         1,         
836,         1,         
837,         1,         
838,         2,         
840,         1,         
841,         1,         
842,         1,         
843,         1,         
844,         1,         
845,         1,         
846,         2,         
848,         1,         
849,         1,         
850,         1,         
851,         1,         
852,         1,         
853,         1,         
854,         2,         
856,         1,         
857,         1,         
858,         1,         
859,         1,         
860,         1,         
861,         1,         
862,         1,         
863,         2,         
865,         1,         
866,         1,         
867,         1,         
868,         1,         
869,         1,         
870,         1,         
871,         1,         
872,         1,         
873,         2,         
875,         1,         
876,         1,         
877,         1,         
878,         1,         
879,         1,         
880,         1,         
881,         1,         
882,         1,         
883,         1,         
884,         1,         
885,         2,         
887,         1,         
888,         1,         
889,         1,         
890,         1,         
891,         1,         
892,         1,         
893,         1,         
894,         1,         
895,         1,         
896,         1,         
897,         1,         
898,         1,         
899,         2,         
901,         1,         
902,         1,         
903,         1,         
904,         1,         
905,         1,         
906,         1,         
907,         1,         
908,         1,         
909,         1,         
910,         1,         
911,         1,         
912,         1,         
913,         1,         
914,         1,         
915,         1,         
916,         1,         
917,         1,         
918,         1,         
919,         1,         
920,         1,         
921,         1,         
922,         2,         
924,         1,         
925,         1,         
926,         1,         
927,         1,         
928,         1,         
929,         1,         
930,         1,         
931,         1,         
932,         1,         
933,         1,         
934,         1,         
935,         1,         
936,         1,         
937,         1,         
938,         1,         
939,         1,         
940,         1,         
941,         1,         
942,         1,         
943,         1,         
944,         1,         
945,         1,         
946,         1,         
947,         1,         
948,         1,         
949,         1,         
950,         1,         
951,         1,         
952,         1,         
953,         1,         
954,         1,         
955,         1,         
956,         1,         
957,         1,         
958,         1,         
959,         1,         
960,         1,         
961,         1,         
962,         1,         
963,         1,         
964,         1,         
965,         1,         
966,         1,         
967,         1,         
968,         1,         
969,         1,         
970,         0,         
970,         1,         
971,         1,         
972,         1,         
973,         1,         
974,         1,         
975,         1,         
976,         1,         
977,         1,         
978,         1,         
979,         1,         
980,         1,         
981,         1,         
982,         1,         
983,         1,         
984,         1,         
985,         1,         
986,         1,         
987,         1,         
988,         1,         
989,         1,         
990,         1,         
991,         1,         
992,         1,         
993,         0,         
993,         1,         
994,         1,         
995,         1,         
996,         1,         
997,         1,         
998,         1,         
999,         1,         
1000,         1,         
1001,         1,         
1002,         1,         
1003,         1,         
1004,         1,         
1005,         1,         
1006,         1,         
1007,         0,         
1007,         1,         
1008,         1,         
1009,         1,         
1010,         1,         
1011,         1,         
1012,         1,         
1013,         1,         
1014,         1,         
1015,         1,         
1016,         1,         
1017,         1,         
1018,         1,         
1019,         0,         
1019,         1,         
1020,         1,         
1021,         1,         
1022,         1,         
1023,         0,         
