0
0
0
0
0
0
0
0
0
0
0
0
0
0
0
0
0
0
0
0
0
0
0
0
0
0
0
0
0
0
0
8
16
24
32
40
48
56
64
72
80
88
96
104
112
120
128
136
144
152
160
168
176
184
192
200
208
216
224
232
240
248
256
264
272
280
288
296
304
312
320
328
336
344
352
360
368
376
384
392
400
408
416
424
432
440
448
456
464
472
486
502
518
534
550
566
582
598
614
630
646
662
678
694
710
726
742
758
774
790
806
822
838
854
870
886
902
919
935
951
967
983
999
1015
1031
1047
1063
1079
1095
1111
1127
1143
1159
1175
1191
1207
1223
1239
1255
1271
1287
1303
1319
1335
1351
1375
1407
1439
1471
1503
1535
1567
1599
1631
1663
1695
1727
1759
1791
1823
1855
1887
1919
1951
1983
2015
2047
2079
2111
2143
2175
2207
2239
2271
2303
2335
2367
2399
2431
2463
2495
2527
2559
2591
2623
2656
2688
2720
2752
2784
2816
2848
2880
2912
2944
2976
3008
3040
3072
3104
3136
3168
3200
3232
3264
3296
3328
3360
3392
3424
3456
3488
3520
3552
3584
3616
3648
3680
3712
3744
3776
3808
3840
3872
3907
3959
4012
4065
4118
4170
4223
4276
4329
4381
4434
4487
4540
4592
4645
4698
4751
4803
4856
4909
4962
5014
5067
5120
5173
5226
5278
5331
5384
5437
5489
5542
5595
5648
5700
5753
5806
5859
5911
5964
6017
6070
6122
6175
6228
6281
6333
6386
6439
6492
6544
6644
6749
6855
6961
7067
7172
7278
7384
7490
7595
7701
7807
7913
8018
8124
8230
8336
8441
8547
8653
8759
8864
8970
9076
9182
9287
9393
9499
9605
9710
9816
9922
10028
10134
10239
10345
10451
10557
10662
10768
10874
10980
11164
11375
11586
11797
12007
12218
12429
12640
12851
13061
13272
13483
13694
13905
14116
14326
14537
14748
14959
15170
15380
15591
15802
16013
16224
16435
16645
16856
17067
17278
17489
17699
17910
18121
18332
19035
21213
23391
25569
27747
29925
32103
34282
36460
38638
40816
42994
45172
47351
49529
51707
53885
56063
58241
60419
62598
64776
66954
69132
71579
75909
80239
84569
88899
93230
97560
101890
106220
110550
114880
119210
123540
127870
132200
136530
140860
145190
149520
153850
158180
162510
166841
171171
175501
179831
184161
188491
192821
197151
201481
205811
210141
214471
218801
223131
227461
231791
236121
240452
244782
249112
253442
257772
262102
266432
270762
277266
285945
294623
303302
311981
320659
329338
338016
346695
355374
364052
372731
381409
390088
398766
407445
416124
424802
433481
442159
450838
459516
468195
476874
485552
494231
502909
511588
520267
528945
537624
546302
554981
563659
572338
581017
589695
598374
607052
615731
624409
633088
641767
650445
659124
667802
676481
685160
693838
702517
711195
719874
728552
737231
745910
754588
763267
771945
780624
789302
797981
806660
815338
824017
832695
841374
850053
858731
867410
876088
884767
893445
902124
910803
919481
928160
936838
945517
954195
962874
971553
980231
988910
997588
1006267
1014946
1023624
1032303
1040981
1048575
