3
2
0
0
0
6
0
0
0
128
128
128
128
128
128
128
128
128
256
256
256
256
256
256
256
256
256
384
384
384
384
384
384
356
372
384
512
512
512
512
512
512
482
512
512
640
640
640
640
640
640
614
640
640
768
768
768
768
768
768
768
765
768
896
896
896
896
896
896
896
896
896
1023
1023
1023
1023
1023
1023
1023
1023
1023
0
0
0
0
0
104
0
0
0
128
141
128
128
128
131
142
128
128
256
256
256
256
256
256
256
256
256
384
385
384
384
384
384
384
363
384
512
519
512
512
512
512
512
499
512
640
640
640
640
657
640
640
640
640
768
768
768
768
768
768
768
768
768
896
896
896
896
896
896
896
896
896
1023
1023
1023
1023
1023
1023
1023
1023
1023
0
0
0
0
0
0
0
0
0
128
128
128
128
128
128
128
128
128
256
256
263
248
226
256
256
256
256
384
384
384
384
325
384
384
384
384
512
513
533
488
512
512
512
512
512
640
640
640
640
644
640
640
640
640
768
768
768
768
770
784
768
768
768
896
896
896
896
896
896
896
896
896
1023
1023
1023
1023
1023
1023
1023
1023
1023
0
0
0
0
0
0
0
0
0
128
128
128
128
128
128
128
128
128
256
256
249
167
256
256
225
225
256
384
384
384
387
231
384
384
351
384
512
512
512
362
412
512
512
512
512
640
640
640
640
612
640
640
640
640
768
768
768
768
768
768
768
768
768
896
896
896
896
896
896
896
896
896
1023
1023
1023
1023
1023
1023
1023
1023
1023
0
0
0
0
0
0
0
0
0
128
115
128
128
128
128
128
128
128
256
228
238
205
256
279
283
256
256
384
415
384
332
384
384
384
383
384
512
512
512
512
516
512
512
494
512
640
640
640
640
640
640
640
635
640
768
768
768
768
768
768
768
768
768
896
896
896
896
896
896
896
896
896
1023
1023
1023
1023
1023
1023
1023
1023
1023
0
0
0
0
0
0
0
0
0
128
128
128
128
128
128
128
128
128
256
256
252
256
256
256
257
256
256
384
418
387
340
384
384
385
384
384
512
512
583
512
508
512
512
512
512
640
640
640
640
640
666
640
583
632
768
768
768
768
768
768
768
768
768
896
896
896
896
896
896
896
896
896
1023
1023
1023
1023
1023
1023
1023
1023
1023
0
0
0
0
0
0
0
0
0
128
128
128
128
128
128
128
128
128
256
256
256
256
256
256
256
256
256
384
384
384
297
384
384
384
384
384
512
512
512
437
467
490
512
512
512
640
640
640
640
542
574
640
640
640
768
768
768
768
754
770
792
767
768
896
896
896
896
892
896
896
895
896
1023
1023
1023
1023
1023
1023
1023
1023
1023
0
0
0
0
0
0
0
0
0
128
128
128
128
128
128
128
128
128
256
256
256
256
256
256
256
256
256
384
384
384
384
384
384
384
384
384
512
512
512
512
512
512
512
512
512
640
640
640
640
640
584
640
640
640
768
768
768
768
768
768
768
768
768
896
896
896
896
895
896
896
885
896
1023
1023
1023
1023
1023
1023
1023
1023
1023
0
0
0
0
0
0
0
0
0
128
128
128
128
128
128
128
128
128
256
256
256
256
256
256
256
256
256
384
384
384
384
384
384
384
384
384
512
512
512
512
512
512
512
512
512
640
640
640
640
640
640
640
640
640
768
768
768
768
768
768
768
768
768
896
896
896
896
896
896
896
896
896
1023
1023
1023
1023
1023
1023
1023
1023
1023
