3
2
0
0
0
0
0
0
0
0
0
0
0
0
0
0
0
0
0
0
0
0
0
0
0
0
0
0
0
0
0
0
0
0
0
0
0
0
0
0
0
0
0
0
0
0
0
0
0
0
0
43
22
0
0
0
0
0
0
0
0
61
0
0
0
0
0
0
0
0
0
0
0
0
0
0
0
0
0
0
0
128
128
128
128
128
118
125
128
128
128
136
128
128
128
128
126
128
128
128
128
128
128
128
128
128
128
128
128
124
106
128
128
128
113
128
128
128
128
116
128
128
128
124
110
128
128
128
128
128
85
126
128
128
128
128
128
128
128
128
122
128
128
128
128
128
128
128
128
128
128
128
128
128
128
128
128
128
128
128
128
128
256
256
256
256
256
256
256
256
256
256
256
256
256
256
256
252
256
256
256
256
255
162
222
256
246
256
256
256
256
236
147
165
256
256
256
256
256
256
214
187
256
256
256
256
256
256
256
256
256
256
256
256
256
256
256
256
256
256
256
238
256
256
256
256
256
256
256
256
256
256
256
256
256
256
256
256
256
256
256
256
256
384
384
384
384
384
384
384
384
384
384
384
384
391
384
384
384
384
384
384
384
384
402
386
384
360
382
384
384
384
384
391
357
384
384
374
384
384
384
384
384
384
384
384
384
384
384
384
384
384
384
384
384
384
384
384
384
384
384
384
384
384
384
384
384
384
384
384
384
384
384
384
384
384
384
384
384
384
384
384
384
384
512
512
512
512
512
512
512
512
512
512
519
512
512
512
512
512
512
512
512
544
519
512
513
512
556
512
512
512
542
512
512
512
512
512
512
512
512
512
512
513
526
512
503
510
512
512
512
512
512
512
512
512
507
512
512
512
512
512
512
512
512
512
512
512
512
512
512
512
512
512
512
512
512
512
512
512
512
512
512
512
512
640
640
640
640
640
640
640
640
640
640
640
640
640
640
640
640
640
640
640
640
644
640
640
640
645
640
640
640
660
672
654
640
640
642
640
640
640
640
718
655
660
640
640
640
640
640
640
640
659
641
656
640
639
640
640
640
640
665
655
640
640
640
640
640
640
640
640
640
640
640
640
640
640
640
640
640
640
640
640
640
640
768
768
768
768
768
768
768
768
768
768
768
768
768
768
768
768
768
768
768
768
768
768
768
768
768
768
768
768
768
768
785
768
768
768
768
768
768
768
768
769
782
785
768
768
768
768
768
768
768
770
784
768
768
768
768
768
768
768
830
769
778
768
768
768
768
768
768
768
768
768
768
768
768
768
768
768
768
768
768
768
768
896
896
896
896
896
896
896
896
896
896
896
896
896
896
896
896
896
896
896
896
896
896
896
896
896
896
896
896
896
896
896
896
896
896
896
896
896
896
896
896
896
896
896
896
896
896
896
896
896
896
896
896
896
896
896
896
896
896
896
896
896
896
896
896
896
896
896
896
896
896
896
896
896
896
896
896
896
896
896
896
896
1023
1023
1023
1023
1023
1023
1023
1023
1023
1023
1023
1023
1023
1023
1023
1023
1023
1023
1023
1023
1023
1023
1023
1023
1023
1023
1023
1023
1023
1023
1023
1023
1023
1023
1023
1023
1023
1023
1023
1023
1023
1023
1023
1023
1023
1023
1023
1023
1023
1023
1023
1023
1023
1023
1023
1023
1023
1023
1023
1023
1023
1023
1023
1023
1023
1023
1023
1023
1023
1023
1023
1023
1023
1023
1023
1023
1023
1023
1023
1023
1023
