0
124
256
384
512
640
768
896
1023
0
128
256
384
512
640
768
896
1023
0
128
256
384
512
640
768
896
1023
0
128
256
384
512
640
777
896
1023
0
128
256
384
512
640
779
896
1023
0
128
256
384
512
640
719
878
1023
0
128
256
384
512
640
768
845
1023
0
128
256
384
512
640
768
896
1023
0
128
256
384
512
640
768
896
1023
0
128
256
384
512
617
760
896
1023
0
100
256
384
512
640
762
896
1023
0
128
256
384
512
640
768
896
1023
0
120
232
384
512
640
770
896
1023
0
128
231
384
512
640
768
898
1023
0
128
256
384
493
639
768
896
1023
0
128
256
384
512
637
768
896
1023
0
128
256
384
512
640
768
896
1023
0
128
256
384
512
640
768
896
1023
0
128
256
384
512
640
768
896
1023
0
128
256
384
512
640
759
896
1023
0
128
243
346
499
640
761
896
1023
0
128
241
293
475
640
768
896
1023
0
128
166
327
512
640
768
896
1023
0
128
256
384
512
640
768
896
1023
0
128
256
384
512
632
768
896
1023
0
128
256
384
512
640
768
896
1023
0
128
256
384
512
640
768
896
1023
0
128
256
384
512
640
768
896
1023
0
128
256
354
512
640
768
896
1023
0
128
256
303
505
640
751
895
1023
0
128
256
390
502
640
768
889
1023
0
128
256
384
512
640
768
896
1023
0
128
256
384
512
640
768
896
1023
0
128
256
384
512
640
768
896
1023
0
128
256
384
512
640
768
896
1023
0
128
256
384
512
640
768
896
1023
0
128
256
384
512
640
768
896
1023
0
111
256
384
512
640
768
896
1023
0
49
238
384
506
640
752
896
1023
0
105
256
384
512
640
768
896
1023
0
128
256
384
524
640
760
895
1023
0
128
256
384
512
640
768
892
1023
0
128
256
384
512
640
768
896
1023
0
128
256
384
512
640
768
896
1023
0
128
256
384
512
640
768
896
1023
0
128
256
384
512
640
768
896
1023
0
128
256
384
512
640
768
896
1023
0
128
245
384
512
640
766
896
1023
0
113
158
301
512
640
767
896
1023
0
128
196
344
487
640
768
896
1023
0
128
256
382
513
666
768
895
1023
0
128
256
381
510
640
768
896
1023
0
128
256
384
512
640
768
896
1023
0
128
256
384
512
640
768
896
1023
0
128
256
384
512
640
768
896
1023
0
128
256
384
512
640
768
896
1023
0
128
256
384
512
640
768
896
1023
0
128
256
280
512
640
768
896
1023
0
128
256
378
493
623
768
896
1023
0
128
256
384
507
629
768
896
1023
0
128
256
384
504
643
785
895
1023
0
128
256
384
512
640
768
895
1023
0
128
256
384
512
640
768
896
1023
0
128
256
384
512
640
768
896
1023
0
128
256
384
512
640
768
896
1023
0
128
256
384
512
640
768
896
1023
0
128
256
384
512
640
768
896
1023
0
128
256
384
512
640
768
896
1023
0
128
256
384
512
640
768
896
1023
0
128
256
384
512
640
768
896
1023
0
128
256
384
512
640
768
882
1023
0
128
256
384
512
640
768
896
1023
0
128
256
384
512
640
768
896
1023
0
128
256
384
512
640
768
896
1023
0
128
256
384
512
640
768
896
1023
0
128
256
384
512
640
768
896
1023
0
128
256
384
512
640
768
896
1023
0
128
256
384
512
640
768
896
1023
0
128
256
384
512
640
768
896
1023
0
128
256
384
512
640
768
896
1023
0
128
256
384
512
640
768
896
1023
